Completed	JS	p_corr
4	2	-0.4096149930667551
4	3	-0.4225424942937287
4	4	-0.4240582409179668
4	5	-0.423315514294667
4	6	-0.42110066488138664
4	7	-0.42067913221119085
4	8	-0.4193651893348537
4	9	-0.41599865984809437
4	10	-0.4102294821748507
4	11	-0.4034089631734084
5	2	-0.4428585463554995
5	3	-0.45862004825733294
5	4	-0.463613152270178
5	5	-0.4647878953094107
5	6	-0.4630095875362
5	7	-0.4611342378761736
5	8	-0.45912634340286895
5	9	-0.45571624256044624
5	10	-0.4506179464513913
5	11	-0.4449945707225284
5	12	-0.4382387141096993
5	13	-0.4314328812935754
5	14	-0.4256775947569798
5	15	-0.4217141009553556
5	16	-0.4183826267323617
5	17	-0.41492200505313703
5	18	-0.4121964580844335
5	19	-0.40999174617495565
5	20	-0.408102180401069
5	21	-0.4059885616457096
5	22	-0.4039848892167725
5	23	-0.4007293484607571
6	2	-0.4775950398768202
6	3	-0.49290171329071153
6	4	-0.49873484704507026
6	5	-0.5019098824491889
6	6	-0.5011563678435427
6	7	-0.4993879435743393
6	8	-0.49648848489626185
6	9	-0.49276005355669755
6	10	-0.48790879111217467
6	11	-0.4828575259135879
6	12	-0.47713770136330586
6	13	-0.4704501723327727
6	14	-0.4641588500753222
6	15	-0.45909541877157817
6	16	-0.455455019323283
6	17	-0.4514379348706967
6	18	-0.44847576462614314
6	19	-0.44627650982242656
6	20	-0.444446374736252
6	21	-0.44216091393923074
6	22	-0.4393284574639629
6	23	-0.43643710390571755
6	24	-0.4334501833553076
6	25	-0.4294407486656869
6	26	-0.42479151300963347
6	27	-0.42010331303864273
6	28	-0.41525141503628576
6	29	-0.41085906153944973
6	30	-0.4061841880713419
6	31	-0.40194752020660723
7	2	-0.5091954834881857
7	3	-0.529357423105644
7	4	-0.5348903707380959
7	5	-0.5379775247537196
7	6	-0.5382065246417832
7	7	-0.5367500045204835
7	8	-0.5338544952283129
7	9	-0.5297165003960905
7	10	-0.5250326739937518
7	11	-0.5203696742928826
7	12	-0.5157091927216345
7	13	-0.5098909077048764
7	14	-0.5035465181811254
7	15	-0.4981728441677069
7	16	-0.49365186260556854
7	17	-0.48993638889903385
7	18	-0.4863351432486311
7	19	-0.48373944151939524
7	20	-0.4817221744672136
7	21	-0.47938706390333075
7	22	-0.47628041571950297
7	23	-0.47253883598490204
7	24	-0.4696299220100046
7	25	-0.4659817587074313
7	26	-0.46182221047276706
7	27	-0.4568764775278969
7	28	-0.4514885869691786
7	29	-0.4465272147836142
7	30	-0.4421420382862196
7	31	-0.4377970686014045
7	32	-0.433331228385851
7	33	-0.4282850068814006
7	34	-0.4223390393171691
7	35	-0.41646794292612027
8	2	-0.5334668653538976
8	3	-0.5575064673321285
8	4	-0.5665596741980349
8	5	-0.5699292009061347
8	6	-0.570124376773331
8	7	-0.5694454600473607
8	8	-0.5670108936869623
8	9	-0.5631179662060161
8	10	-0.5584646969950244
8	11	-0.5540957873067511
8	12	-0.5498377855875037
8	13	-0.5449707216755265
8	14	-0.5393755925188777
8	15	-0.5339261046819013
8	16	-0.5291546169685898
8	17	-0.5247224489668746
8	18	-0.5214054139156014
8	19	-0.5182603327214483
8	20	-0.5159198116153046
8	21	-0.5134989317915637
8	22	-0.5104608927604743
8	23	-0.5066283683309024
8	24	-0.5029947482544923
8	25	-0.49955502725447704
8	26	-0.4958245739243552
8	27	-0.49143476094521843
8	28	-0.48595538825560003
8	29	-0.4806017572403125
8	30	-0.4757343736559264
8	31	-0.47163736365605047
8	32	-0.4671115758391714
8	33	-0.46235872520315907
8	34	-0.45635662796653126
8	35	-0.44986598751832835
9	2	-0.5526787777627072
9	3	-0.5787795950179634
9	4	-0.5906001259827697
9	5	-0.5971427371871207
9	6	-0.5975419337465062
9	7	-0.596737519547558
9	8	-0.5949876307449207
9	9	-0.591520214443918
9	10	-0.5872485786488348
9	11	-0.5830320564116793
9	12	-0.5791175626103285
9	13	-0.5746398986822238
9	14	-0.5699264672311715
9	15	-0.565093914561522
9	16	-0.5602434972831702
9	17	-0.5556288627481771
9	18	-0.5516931783997822
9	19	-0.5488433364080939
9	20	-0.5459677513066895
9	21	-0.5433011753974479
9	22	-0.5402488493300351
9	23	-0.5365349100719687
9	24	-0.5327851271752078
9	25	-0.5287379600061239
9	26	-0.5251682925702944
9	27	-0.5211968939582374
9	28	-0.51630433647138
9	29	-0.5109026766180147
9	30	-0.505705712221635
9	31	-0.5011756115422675
9	32	-0.4969204689669145
9	33	-0.4921753812427192
9	34	-0.4865094180801445
9	35	-0.4800161875703376
10	2	-0.5710071041065112
10	3	-0.5993917325295333
10	4	-0.6107362615953325
10	5	-0.6186865870889993
10	6	-0.6216350430670283
10	7	-0.6207196842588575
10	8	-0.6187888689589707
10	9	-0.6157710194602872
10	10	-0.6118546810440251
10	11	-0.6079419710703281
10	12	-0.6042201805161433
10	13	-0.6000971862040936
10	14	-0.5957912126294866
10	15	-0.5917248431295549
10	16	-0.5873894887919735
10	17	-0.5827006703033594
10	18	-0.5786022210233139
10	19	-0.5752135045272042
10	20	-0.5726703712303579
10	21	-0.5695148144927226
10	22	-0.5662685544717934
10	23	-0.5625587113318665
10	24	-0.5589022916775027
10	25	-0.5547266455786241
10	26	-0.550574194827353
10	27	-0.5467239743236875
10	28	-0.5422107331940371
10	29	-0.5373599522933812
10	30	-0.5321266494750767
10	31	-0.5273204857056754
10	32	-0.5227615711604157
10	33	-0.5183277289542216
10	34	-0.5127839940315849
10	35	-0.5066476600065404
11	2	-0.595904893221978
11	3	-0.6246686352642088
11	4	-0.6343521254804956
11	5	-0.6396549317287199
11	6	-0.6424722100763235
11	7	-0.6432254603469681
11	8	-0.6406085276159464
11	9	-0.6370272605094032
11	10	-0.6333232095256032
11	11	-0.6295892933553471
11	12	-0.626060856302167
11	13	-0.6221163734379977
11	14	-0.618157525000509
11	15	-0.6144734092102622
11	16	-0.6109033730735128
11	17	-0.6066581085722632
11	18	-0.6024569750811722
11	19	-0.5989358639594458
11	20	-0.5959003617042216
11	21	-0.5931489507088957
11	22	-0.5894604185232117
11	23	-0.5855968828918048
11	24	-0.5819193910905256
11	25	-0.5778494374879848
11	26	-0.5735543351995539
11	27	-0.5692032091865858
11	28	-0.5648787874906216
11	29	-0.5604026462546888
11	30	-0.5557205782469702
11	31	-0.5508796260354503
11	32	-0.5460766043503666
11	33	-0.5413708875467108
11	34	-0.5361877867929324
11	35	-0.5302025170271673
12	2	-0.5951593227316643
12	3	-0.6278709105960508
12	4	-0.6434480012100067
12	5	-0.651370951407078
12	6	-0.6546198388719702
12	7	-0.656472929353517
12	8	-0.6559521255935344
12	9	-0.6524839536484858
12	10	-0.6489494084257904
12	11	-0.6458120722409081
12	12	-0.6427220318115622
12	13	-0.639170722409071
12	14	-0.6355226154313306
12	15	-0.6322686265722919
12	16	-0.6291748088961395
12	17	-0.6256974640335137
12	18	-0.6219889123434232
12	19	-0.6184345206954183
12	20	-0.6152757861192447
12	21	-0.612104926246556
12	22	-0.6087866320073099
12	23	-0.6046001331768749
12	24	-0.6008419656652689
12	25	-0.5968362834998747
12	26	-0.5926889071994257
12	27	-0.5882473262055501
12	28	-0.5835590931604943
12	29	-0.5793535712180778
12	30	-0.5751266221017499
12	31	-0.5709369907204479
12	32	-0.5661668080022896
12	33	-0.5612721984953627
12	34	-0.5559067728837013
12	35	-0.5503218585912975
13	2	-0.5872193048493298
13	3	-0.6218018651061049
13	4	-0.6425618101576467
13	5	-0.6559590115252873
13	6	-0.6621461920056031
13	7	-0.6648954413110835
13	8	-0.665698687899785
13	9	-0.6642586370353387
13	10	-0.6611485670249673
13	11	-0.6583653633799135
13	12	-0.6559766578286997
13	13	-0.6529299569761534
13	14	-0.6497273003265641
13	15	-0.646841070504819
13	16	-0.6442358887793348
13	17	-0.6413217726484928
13	18	-0.6384497303238161
13	19	-0.6354039894523852
13	20	-0.632261333190443
13	21	-0.6290367717034092
13	22	-0.6253887982427283
13	23	-0.6216330126012996
13	24	-0.6175775005730355
13	25	-0.6135163708476601
13	26	-0.6094284544644369
13	27	-0.605146016697476
13	28	-0.6003879169179092
13	29	-0.5958638056327762
13	30	-0.5919324265406184
13	31	-0.5881805845267134
13	32	-0.5840993557974858
13	33	-0.5792879938647726
13	34	-0.5738090815466945
13	35	-0.5681051698077327
14	2	-0.5810869864148972
14	3	-0.6147372419934758
14	4	-0.6351940462964281
14	5	-0.65273767539982
14	6	-0.6636259445566155
14	7	-0.6691775155984153
14	8	-0.6710343192361883
14	9	-0.6709310297438671
14	10	-0.6697716423055956
14	11	-0.6675520215701124
14	12	-0.665606571064524
14	13	-0.6632963623187355
14	14	-0.6605907287100905
14	15	-0.658153216820911
14	16	-0.6559448727583154
14	17	-0.6535640104453785
14	18	-0.6512773709724841
14	19	-0.6491132443104688
14	20	-0.6465098072960247
14	21	-0.6433548056496731
14	22	-0.6397310637336926
14	23	-0.6357401546350524
14	24	-0.632160939755937
14	25	-0.6278551371435747
14	26	-0.6237434159673292
14	27	-0.6195447376923015
14	28	-0.6149818365441013
14	29	-0.6104129905806828
14	30	-0.6062201558055923
14	31	-0.6027905673979376
14	32	-0.5991680003061058
14	33	-0.5950809058225704
14	34	-0.5897528986161564
14	35	-0.5839840335881592
15	2	-0.5806768700494005
15	3	-0.6126937977619344
15	4	-0.6314387378131302
15	5	-0.6470208910059865
15	6	-0.6617292179917127
15	7	-0.6713846779157382
15	8	-0.6758476641880248
15	9	-0.6765511022526622
15	10	-0.6766364592922818
15	11	-0.6762039618442599
15	12	-0.674776769532805
15	13	-0.6728581862746122
15	14	-0.6708103478085414
15	15	-0.6687749804178224
15	16	-0.6669552817806617
15	17	-0.6649859406279277
15	18	-0.663251287873922
15	19	-0.6616657380996056
15	20	-0.660034823040993
15	21	-0.6574199560146885
15	22	-0.6538819795251095
15	23	-0.649983559385542
15	24	-0.646212358588806
15	25	-0.6424441386952505
15	26	-0.6380778242237339
15	27	-0.6338298346646891
15	28	-0.629329184021626
15	29	-0.6249234963089423
15	30	-0.6206402797322506
15	31	-0.616911630853836
15	32	-0.6135727777517037
15	33	-0.6098783261049241
15	34	-0.605244616087746
15	35	-0.5996364773424501
16	2	-0.5751500266215349
16	3	-0.6118766797154059
16	4	-0.629889540962515
16	5	-0.6443403019776545
16	6	-0.656861399879519
16	7	-0.6705637302344964
16	8	-0.6789400539866488
16	9	-0.682011643055246
16	10	-0.6827122539005548
16	11	-0.6833351566159325
16	12	-0.6835339753020728
16	13	-0.6820279310024084
16	14	-0.6802527278253215
16	15	-0.6787292665842105
16	16	-0.6772031463040639
16	17	-0.6755497893358208
16	18	-0.6741789176603177
16	19	-0.6730898690755334
16	20	-0.6720043606528021
16	21	-0.6703444857177648
16	22	-0.6672934623871648
16	23	-0.6634561918590696
16	24	-0.6597640959220759
16	25	-0.6558091717205506
16	26	-0.6519984831809799
16	27	-0.6474717986376377
16	28	-0.6429066699287365
16	29	-0.638527686218771
16	30	-0.6343714106641044
16	31	-0.6305035020713909
16	32	-0.6268558829380152
16	33	-0.6234201496621623
16	34	-0.6191337898915522
16	35	-0.6141813381171434
17	2	-0.5649142647645222
17	3	-0.606344461103486
17	4	-0.6286194580554454
17	5	-0.6434968764401351
17	6	-0.6556140761225986
17	7	-0.6674094862907299
17	8	-0.6800193391410941
17	9	-0.6870165153901225
17	10	-0.6904199766348089
17	11	-0.6916868254755983
17	12	-0.6930553143975997
17	13	-0.6931934140387797
17	14	-0.6917476993828582
17	15	-0.6903940072887277
17	16	-0.6892896805888233
17	17	-0.6878232841298584
17	18	-0.6867001260769202
17	19	-0.6859542768659939
17	20	-0.6853515832999095
17	21	-0.6842469026293247
17	22	-0.6823597491491239
17	23	-0.6790230260282073
17	24	-0.6753634862299929
17	25	-0.671547416191315
17	26	-0.6675948842431844
17	27	-0.6637366040080448
17	28	-0.658838989058215
17	29	-0.6543337415033914
17	30	-0.6501202796139132
17	31	-0.6462838187274502
17	32	-0.6424067124229736
17	33	-0.638581580493357
17	34	-0.6344861769941165
17	35	-0.6297315297889907
18	2	-0.5541817080867751
18	3	-0.5963315447792691
18	4	-0.6217707804459135
18	5	-0.6405079603352716
18	6	-0.6536066573568082
18	7	-0.6656810259914909
18	8	-0.6768047574008368
18	9	-0.6882734013916333
18	10	-0.6956309706315318
18	11	-0.6997577821869734
18	12	-0.7019119283671242
18	13	-0.703291103977797
18	14	-0.7035146414854747
18	15	-0.7024630895945022
18	16	-0.7014687756494984
18	17	-0.7003865361130446
18	18	-0.6993918462608562
18	19	-0.6988486032471372
18	20	-0.6985981475196266
18	21	-0.6980090792891288
18	22	-0.696714820012941
18	23	-0.6946981669623438
18	24	-0.691538819777169
18	25	-0.687765735245247
18	26	-0.6840209188053116
18	27	-0.6800539589178138
18	28	-0.6759095780061786
18	29	-0.6710430470308454
18	30	-0.6666658848047929
18	31	-0.6627157276043473
18	32	-0.6588262908420928
18	33	-0.6547328475247386
18	34	-0.6502151386152277
18	35	-0.6456230468330315
19	2	-0.5478424326053978
19	3	-0.5867532872172575
19	4	-0.6118114424971668
19	5	-0.6320761416040729
19	6	-0.6483576458170036
19	7	-0.6617775593753187
19	8	-0.6735431323022525
19	9	-0.6841640898908963
19	10	-0.6954273678366705
19	11	-0.7032020316909731
19	12	-0.7081800130488926
19	13	-0.7105338815696252
19	14	-0.7120536681306492
19	15	-0.7127112914193893
19	16	-0.7121414068822313
19	17	-0.7113102859800755
19	18	-0.7107688511160131
19	19	-0.7104329223409477
19	20	-0.7104167588291479
19	21	-0.7101790256414212
19	22	-0.7093895428269508
19	23	-0.7079485540114367
19	24	-0.706010757233743
19	25	-0.7026922951141872
19	26	-0.6989733752986121
19	27	-0.6951893374924101
19	28	-0.6909417656505221
19	29	-0.6867975023394114
19	30	-0.6820927563102188
19	31	-0.6779873452371651
19	32	-0.6739890229154923
19	33	-0.6698950052047701
19	34	-0.6651436827487478
19	35	-0.6601550190856125
20	2	-0.5433785586328043
20	3	-0.5798278331903268
20	4	-0.603015407912028
20	5	-0.6231109147677459
20	6	-0.6405129834113066
20	7	-0.6566758099795409
20	8	-0.669698599693501
20	9	-0.6810368917851182
20	10	-0.6915843647643134
20	11	-0.7030121832527756
20	12	-0.7114574586122806
20	13	-0.7166262680886302
20	14	-0.7191556617957358
20	15	-0.7211422499877521
20	16	-0.7222449597376716
20	17	-0.7218484477942841
20	18	-0.721589415437582
20	19	-0.7217327767159039
20	20	-0.7219685711650126
20	21	-0.7219911810860822
20	22	-0.7215739692900269
20	23	-0.7206393146830654
20	24	-0.7192661362675574
20	25	-0.717220445653394
20	26	-0.7139654789431767
20	27	-0.7102250452203661
20	28	-0.706196710417628
20	29	-0.7019781061463171
20	30	-0.6980074511074582
20	31	-0.6935867883871226
20	32	-0.6894364462036257
20	33	-0.6852404954634571
20	34	-0.6804918270003751
20	35	-0.6752987076332341
21	2	-0.5439971664202128
21	3	-0.5766932698894252
21	4	-0.5987360944990715
21	5	-0.6162885130785751
21	6	-0.6328467873885716
21	7	-0.6491377647099021
21	8	-0.6641569007796678
21	9	-0.6765002522908535
21	10	-0.6876877087241484
21	11	-0.6986397938775024
21	12	-0.7100372948685816
21	13	-0.7182530947627275
21	14	-0.723391599455391
21	15	-0.7264475833404823
21	16	-0.7288606122414081
21	17	-0.7301202034506695
21	18	-0.7303926406183613
21	19	-0.7309157146578613
21	20	-0.7316898360488481
21	21	-0.7320204971982264
21	22	-0.7318900116202495
21	23	-0.7313337485142618
21	24	-0.7304539469675154
21	25	-0.7289433776393475
21	26	-0.7268536362417132
21	27	-0.7235510315193565
21	28	-0.7195864868499521
21	29	-0.7155745088971922
21	30	-0.7115396676805037
21	31	-0.7078107477574256
21	32	-0.703386480267736
21	33	-0.699066189084056
21	34	-0.6942521348029854
21	35	-0.6890936190332105
22	2	-0.5419476017783575
22	3	-0.5745765920255895
22	4	-0.5936867818006552
22	5	-0.6110848633307353
22	6	-0.6254777014430031
22	7	-0.6408244903125068
22	8	-0.6556792076679898
22	9	-0.6696531797707401
22	10	-0.6818114437057015
22	11	-0.6934328275149673
22	12	-0.7046091284194148
22	13	-0.7153641161075173
22	14	-0.7232874502357668
22	15	-0.7287896567004899
22	16	-0.7323749651695977
22	17	-0.7349976109336228
22	18	-0.7369555523449608
22	19	-0.7381393266682269
22	20	-0.7393832075152195
22	21	-0.7403225204988464
22	22	-0.7405700523383894
22	23	-0.7403549081257913
22	24	-0.7398817991501899
22	25	-0.7388790512039636
22	26	-0.7373114233857305
22	27	-0.7350989264473109
22	28	-0.7315741719401914
22	29	-0.7276409072203391
22	30	-0.7238218860422715
22	31	-0.7200446135590788
22	32	-0.7162966503395657
22	33	-0.7117497812390261
22	34	-0.7068540280868039
22	35	-0.70167605651977
23	2	-0.5349721701131087
23	3	-0.5687523343185628
23	4	-0.5893941457648378
23	5	-0.6043335619098887
23	6	-0.6190192497871949
23	7	-0.6324428470868332
23	8	-0.6463905938114022
23	9	-0.6598361552225703
23	10	-0.6732097225054481
23	11	-0.6857356780647463
23	12	-0.6976052145248282
23	13	-0.7084049077278468
23	14	-0.7184067709484105
23	15	-0.7264138799750748
23	16	-0.7323183842010763
23	17	-0.7361768036937029
23	18	-0.7395474770929216
23	19	-0.7424335675575555
23	20	-0.7444353221142223
23	21	-0.7459361972007341
23	22	-0.7468718832937951
23	23	-0.7470932691606232
23	24	-0.74701058458033
23	25	-0.7464502929332241
23	26	-0.745407839844737
23	27	-0.7437320802484098
23	28	-0.7412852007315294
23	29	-0.7378306238670408
23	30	-0.7341246576194842
23	31	-0.730585216755199
23	32	-0.7268154478769062
23	33	-0.7229424488667711
23	34	-0.7178676248117345
23	35	-0.7126393211761118
24	2	-0.536137194072022
24	3	-0.5623421882438749
24	4	-0.5826090388573829
24	5	-0.5997117963036397
24	6	-0.6131060354226012
24	7	-0.6266929910308658
24	8	-0.6386607322371233
24	9	-0.6511333964634712
24	10	-0.6636245984105158
24	11	-0.67697180962997
24	12	-0.6895134766816702
24	13	-0.700855477191788
24	14	-0.7109277316721224
24	15	-0.7205777063881531
24	16	-0.7286456860138126
24	17	-0.7346285283780857
24	18	-0.7392643826905684
24	19	-0.7435620491554565
24	20	-0.7472378837893945
24	21	-0.7494937749190203
24	22	-0.7510006591037403
24	23	-0.7519305392876953
24	24	-0.7523401840743512
24	25	-0.7521940118593707
24	26	-0.7516156381038417
24	27	-0.7504568350451989
24	28	-0.7485214452463655
24	29	-0.7460874418926284
24	30	-0.7428522634047828
24	31	-0.7394374793545254
24	32	-0.7359010994205101
24	33	-0.7319877340171262
24	34	-0.727525462273556
24	35	-0.7221405083778306
25	2	-0.531383552750475
25	3	-0.5550433691685033
25	4	-0.5745622367649204
25	5	-0.5918304977304023
25	6	-0.6067569401826262
25	7	-0.6188306815000614
25	8	-0.6311624338417907
25	9	-0.6419469023919863
25	10	-0.6534968135130502
25	11	-0.6659425835380598
25	12	-0.6790972880289723
25	13	-0.6910240151991199
25	14	-0.7016694085262869
25	15	-0.7115881119175067
25	16	-0.7212051074210887
25	17	-0.7292493754424372
25	18	-0.7359639547639922
25	19	-0.7416150056366149
25	20	-0.7467520606840372
25	21	-0.7507423323732977
25	22	-0.7530939621734893
25	23	-0.7546737614721545
25	24	-0.7558363052538979
25	25	-0.756259528676188
25	26	-0.7561505143684287
25	27	-0.755498207904638
25	28	-0.7541258892384433
25	29	-0.752258882531648
25	30	-0.7500109132554393
25	31	-0.7470574435234856
25	32	-0.7436663733907545
25	33	-0.7400135825284744
25	34	-0.7355402529072685
25	35	-0.7307591001273216
26	2	-0.5390281416616594
26	3	-0.556333106976042
26	4	-0.5712502048371906
26	5	-0.5872521944091116
26	6	-0.6019409340770607
26	7	-0.6148293546591926
26	8	-0.6252628836824817
26	9	-0.6362625284933635
26	10	-0.6460285259744822
26	11	-0.6573081667541584
26	12	-0.6692968448802327
26	13	-0.6815332606415944
26	14	-0.6926227444023562
26	15	-0.7030640587304786
26	16	-0.7130125047483763
26	17	-0.7223179048250347
26	18	-0.7308787515375483
26	19	-0.738413211607375
26	20	-0.7448810513627412
26	21	-0.7502595091450034
26	22	-0.7541865092025539
26	23	-0.7565867742395278
26	24	-0.7583789295392808
26	25	-0.7595502371945422
26	26	-0.7599868941445821
26	27	-0.7597935997890468
26	28	-0.7589046565456111
26	29	-0.7575764334757296
26	30	-0.7558650593699722
26	31	-0.7538303993224565
26	32	-0.7509037953540946
26	33	-0.7473969129728952
26	34	-0.7431546843329814
26	35	-0.7383495506447235
27	2	-0.5439547860394133
27	3	-0.5634415467227609
27	4	-0.5746007320650418
27	5	-0.5860643328485909
27	6	-0.5993497041513832
27	7	-0.6117141681565988
27	8	-0.6225114748882482
27	9	-0.6313098761644574
27	10	-0.6411351228387511
27	11	-0.6504932806881772
27	12	-0.6611777061074232
27	13	-0.672008462917146
27	14	-0.6831007205391969
27	15	-0.6937879148517428
27	16	-0.7041050035740164
27	17	-0.7137373804496644
27	18	-0.7231151970234411
27	19	-0.7322431521899795
27	20	-0.7403894498445361
27	21	-0.7470728789935106
27	22	-0.7523529763785869
27	23	-0.7562947067357515
27	24	-0.7589784088369984
27	25	-0.760847436847196
27	26	-0.7620773676494522
27	27	-0.7624713746581455
27	28	-0.7620858657314252
27	29	-0.761261601127442
27	30	-0.7601060828680327
27	31	-0.7586115270690065
27	32	-0.756557892655285
27	33	-0.7535342693356413
27	34	-0.7494466192756007
27	35	-0.7448669822916527
28	2	-0.5484953686903872
28	3	-0.5680276825071142
28	4	-0.5809257781001788
28	5	-0.5897560590720071
28	6	-0.5991144656748895
28	7	-0.6101566252541974
28	8	-0.6204406498667708
28	9	-0.6293333845621764
28	10	-0.6368116405844275
28	11	-0.6461148105630656
28	12	-0.6548204734950647
28	13	-0.664299861673113
28	14	-0.6739041716134065
28	15	-0.6844363469082166
28	16	-0.69491557411958
28	17	-0.7048204546718064
28	18	-0.7145347275378988
28	19	-0.7241989843196427
28	20	-0.7337540970236348
28	21	-0.7420009834201327
28	22	-0.7485930809146552
28	23	-0.7539091779936675
28	24	-0.7581157502725381
28	25	-0.7609291979412566
28	26	-0.7628894159659603
28	27	-0.7641158246076755
28	28	-0.7643364268217256
28	29	-0.7640553385626268
28	30	-0.763430568649846
28	31	-0.7625129302769407
28	32	-0.7610126127418538
28	33	-0.7588744726451373
28	34	-0.7553040832313113
28	35	-0.7508958394357041
29	2	-0.5534643256455971
29	3	-0.5729958817081525
29	4	-0.5854917374328974
29	5	-0.5954616091204233
29	6	-0.6026898129950965
29	7	-0.6101521065656541
29	8	-0.6192192523853906
29	9	-0.6276298481749611
29	10	-0.6350726691380199
29	11	-0.6419255197711934
29	12	-0.6505006446473603
29	13	-0.6580274959488825
29	14	-0.6663314674512607
29	15	-0.6753816459658442
29	16	-0.6856254350594111
29	17	-0.6956092084299319
29	18	-0.7055023958047932
29	19	-0.7154833272594955
29	20	-0.7253052994392403
29	21	-0.7347924586791807
29	22	-0.7428488413902363
29	23	-0.7494561291185529
29	24	-0.7550254516296258
29	25	-0.7593279790951615
29	26	-0.7622535030444219
29	27	-0.7642313076925091
29	28	-0.7652929633550498
29	29	-0.7656231373509707
29	30	-0.7655530232160236
29	31	-0.7651609425070179
29	32	-0.7642306749507815
29	33	-0.7626389086646536
29	34	-0.7599365597848675
29	35	-0.7560566270937716
30	2	-0.5565615282499139
30	3	-0.5768976734492782
30	4	-0.5896816234439883
30	5	-0.5993960754795421
30	6	-0.6074593853272927
30	7	-0.6131879130216638
30	8	-0.6190228678912988
30	9	-0.626338609008407
30	10	-0.6333244306975195
30	11	-0.6400720050254607
30	12	-0.6462313341113236
30	13	-0.6536062383384746
30	14	-0.6600499817565316
30	15	-0.667831151484188
30	16	-0.6765892618359163
30	17	-0.6862541302620424
30	18	-0.6961709760182835
30	19	-0.7062789502281221
30	20	-0.7164219656329807
30	21	-0.7260109911748877
30	22	-0.7351649509320394
30	23	-0.7431454291178755
30	24	-0.749974011696055
30	25	-0.7556038500845762
30	26	-0.7599546404538585
30	27	-0.7628786099369781
30	28	-0.7646950335955716
30	29	-0.7658635376754112
30	30	-0.766412946300083
30	31	-0.7665804527808352
30	32	-0.766159173618116
30	33	-0.7651213320385076
30	34	-0.7629583223901247
30	35	-0.7599219319132385
31	2	-0.5607281447294403
31	3	-0.5799089460990472
31	4	-0.5929914895293795
31	5	-0.6029036976896748
31	6	-0.6108436160445575
31	7	-0.617268170986228
31	8	-0.6216422137110579
31	9	-0.6261006991868969
31	10	-0.6320977395670531
31	11	-0.638382826785444
31	12	-0.644402063840896
31	13	-0.6495281797793823
31	14	-0.6557916662900286
31	15	-0.6618263556658691
31	16	-0.6693779527479836
31	17	-0.6776175176543857
31	18	-0.6872352098814027
31	19	-0.6973559050525374
31	20	-0.7076316289525769
31	21	-0.7175418455958786
31	22	-0.7267609784770978
31	23	-0.7357358608116779
31	24	-0.7438906298252663
31	25	-0.7507310879475267
31	26	-0.7563534568640763
31	27	-0.7606307241124179
31	28	-0.7633321220894209
31	29	-0.7652321495228566
31	30	-0.7665970394925539
31	31	-0.767378415283542
31	32	-0.7675051976791915
31	33	-0.7669541772415962
31	34	-0.765331016752695
31	35	-0.7628356915523092
32	2	-0.5650238519408302
32	3	-0.5838745168984021
32	4	-0.5962069566412642
32	5	-0.6062272087108135
32	6	-0.6143420518714157
32	7	-0.6207495392999745
32	8	-0.6258061402814813
32	9	-0.6289959497162916
32	10	-0.6325794985908328
32	11	-0.6379281155175387
32	12	-0.6434001820806388
32	13	-0.6484051644353306
32	14	-0.6525770342744367
32	15	-0.6584349873203237
32	16	-0.6642084596641755
32	17	-0.6712078968914073
32	18	-0.6792887223027573
32	19	-0.6889088143724874
32	20	-0.6990410296660036
32	21	-0.708973998474077
32	22	-0.7185166541306565
32	23	-0.7273036384800758
32	24	-0.7362115543169747
32	25	-0.7442071450083538
32	26	-0.750987351771285
32	27	-0.756471786703658
32	28	-0.760448387587041
32	29	-0.7631936114249204
32	30	-0.7652894572913627
32	31	-0.7668778131236295
32	32	-0.7676280926553811
32	33	-0.767640307265959
32	34	-0.7665015154108281
32	35	-0.7645390572596482
33	2	-0.5685547789592033
33	3	-0.5876252728678437
33	4	-0.5998191743506938
33	5	-0.6094711747077822
33	6	-0.6176541621086135
33	7	-0.624248482655756
33	8	-0.6293589771220783
33	9	-0.6332167061840057
33	10	-0.6357451216505
33	11	-0.6389346972497036
33	12	-0.6435589085287146
33	13	-0.6480611335911126
33	14	-0.6521247276895187
33	15	-0.6558789499480514
33	16	-0.6614626282949986
33	17	-0.6666911425580692
33	18	-0.673493544156876
33	19	-0.6814945702704998
33	20	-0.690987976740374
33	21	-0.7006892979551064
33	22	-0.7101837479982175
33	23	-0.7193005030877623
33	24	-0.7278575413644336
33	25	-0.7364726494403097
33	26	-0.74428883219093
33	27	-0.7509077930533646
33	28	-0.7560565076530189
33	29	-0.7600361735728214
33	30	-0.7629979498828922
33	31	-0.765330249775394
33	32	-0.7669143432884227
33	33	-0.7675668139694302
33	34	-0.7670141352596183
33	35	-0.7655637045576886
34	2	-0.5714059749660021
34	3	-0.590947013777035
34	4	-0.6033823633906285
34	5	-0.6129984719120144
34	6	-0.6210242773079063
34	7	-0.6276928121335603
34	8	-0.6329991388614462
34	9	-0.6369365709891558
34	10	-0.6401184490694842
34	11	-0.6423539330541255
34	12	-0.6449220017974038
34	13	-0.6486130582816282
34	14	-0.6521792155157893
34	15	-0.6557660966660518
34	16	-0.6591887180050789
34	17	-0.6641899410372284
34	18	-0.669185780501813
34	19	-0.6758386811207231
34	20	-0.6836268191455732
34	21	-0.6925899278239689
34	22	-0.701805726244667
34	23	-0.7108286809934174
34	24	-0.7197228020861246
34	25	-0.7278312163991707
34	26	-0.7361178599877551
34	27	-0.7436587702550469
34	28	-0.7499255730288572
34	29	-0.7550655618489983
34	30	-0.7592233470685336
34	31	-0.762440375443064
34	32	-0.7647790080728861
34	33	-0.766287538681516
34	34	-0.7663889519707873
34	35	-0.7655527102854314
35	2	-0.5665117129530646
35	3	-0.5890009110618326
35	4	-0.6029056296222147
35	5	-0.6136699104907278
35	6	-0.6222197769079637
35	7	-0.6290897014161098
35	8	-0.6347135807596244
35	9	-0.6390386022615411
35	10	-0.6424248966182169
35	11	-0.6453667380026672
35	12	-0.6472167478041807
35	13	-0.6491645885147145
35	14	-0.652073034184676
35	15	-0.6552798637230771
35	16	-0.6585712452694891
35	17	-0.6616604937081052
35	18	-0.6664608889831624
35	19	-0.6714182967640222
35	20	-0.6779422701788986
35	21	-0.6853024879255643
35	22	-0.6937778519887634
35	23	-0.702503135041762
35	24	-0.711311833523614
35	25	-0.7197733799880558
35	26	-0.7275789310112546
35	27	-0.7355570020790289
35	28	-0.7426965788321902
35	29	-0.7488947687416132
35	30	-0.7541704053902197
35	31	-0.758523001779919
35	32	-0.7617056690012113
35	33	-0.7639310965985066
35	34	-0.7648589295524305
35	35	-0.7646413958505671
36	2	-0.5637697646399213
36	3	-0.5850158206481162
36	4	-0.6007152963870793
36	5	-0.6126177622608232
36	6	-0.6223014623843438
36	7	-0.6297401321518562
36	8	-0.6355530858565428
36	9	-0.6401362226866162
36	10	-0.643904630954365
36	11	-0.647072849536964
36	12	-0.6496095823648569
36	13	-0.6509312810618941
36	14	-0.6521920567863341
36	15	-0.6547998614723028
36	16	-0.6577750775241996
36	17	-0.6607263482846836
36	18	-0.6636706607338622
36	19	-0.6683930986076
36	20	-0.6732301179637673
36	21	-0.6792945494236899
36	22	-0.6861549273091332
36	23	-0.6941117940805819
36	24	-0.702587569330057
36	25	-0.7109282496391061
36	26	-0.7190982047286263
36	27	-0.7265251181319867
36	28	-0.7340212085672616
36	29	-0.7410271000199503
36	30	-0.7473345175304463
36	31	-0.7527822573440565
36	32	-0.7570673218397966
36	33	-0.760132032645338
36	34	-0.761768102048128
36	35	-0.7623693259980574
37	2	-0.5612346662920901
37	3	-0.5823651768885378
37	4	-0.5971604759640152
37	5	-0.6103383100674437
37	6	-0.6209385413390422
37	7	-0.629396255907581
37	8	-0.6357872079795962
37	9	-0.6405931013985867
37	10	-0.6446333057426723
37	11	-0.6481699402566861
37	12	-0.6509030333034642
37	13	-0.65285749070505
37	14	-0.6535319679914395
37	15	-0.654568283614233
37	16	-0.6569951220521654
37	17	-0.6596466109208247
37	18	-0.6624152874636172
37	19	-0.6653522036372652
37	20	-0.6699562153552098
37	21	-0.6744636634354634
37	22	-0.6801056927668793
37	23	-0.6865588484315087
37	24	-0.6943223459184292
37	25	-0.7023788496978787
37	26	-0.7104751893436791
37	27	-0.7182671217823036
37	28	-0.7253624279134423
37	29	-0.7328000421127406
37	30	-0.7399618450227905
37	31	-0.7464503118168259
37	32	-0.7518561846131228
37	33	-0.7560458674250803
37	34	-0.7585159909431173
37	35	-0.7598114197852646
38	2	-0.5606515085484142
38	3	-0.580847094743843
38	4	-0.5952718570311244
38	5	-0.6074227657251343
38	6	-0.6189999687789309
38	7	-0.6282455181176255
38	8	-0.6355590985240606
38	9	-0.6409349173186668
38	10	-0.6452200225713085
38	11	-0.6490299976445657
38	12	-0.6521751704800165
38	13	-0.6544183053991447
38	14	-0.6557796025717181
38	15	-0.6563091068163719
38	16	-0.6571905330643987
38	17	-0.6593298028507139
38	18	-0.6618010873991875
38	19	-0.6645585678301572
38	20	-0.6673746962192763
38	21	-0.6716557541472867
38	22	-0.6757021009035185
38	23	-0.6808603329757097
38	24	-0.6870029558318583
38	25	-0.6942211277767457
38	26	-0.7019580462790529
38	27	-0.7096142262862419
38	28	-0.7171017747065032
38	29	-0.7239122345176107
38	30	-0.7313253387317031
38	31	-0.7385404046864097
38	32	-0.7449589320027593
38	33	-0.7502430591081414
38	34	-0.7537740011037116
38	35	-0.7559122588249257
39	2	-0.563338399970039
39	3	-0.5815609209684155
39	4	-0.5947928990499738
39	5	-0.6063117537113917
39	6	-0.616868464515257
39	7	-0.6268560958762757
39	8	-0.634828062940545
39	9	-0.6409960918711148
39	10	-0.6457595071929335
39	11	-0.649809214773568
39	12	-0.6532079203468703
39	13	-0.6558573099543153
39	14	-0.6574759931593851
39	15	-0.6586498064508767
39	16	-0.6590377797512238
39	17	-0.6597857358465771
39	18	-0.6617726989425526
39	19	-0.6642502585077582
39	20	-0.6669412761636159
39	21	-0.6694918267797209
39	22	-0.6733247878151938
39	23	-0.6769189378448739
39	24	-0.6817644010048612
39	25	-0.6873340841725266
39	26	-0.6941649379206963
39	27	-0.7014056180096903
39	28	-0.7086964560157564
39	29	-0.7158636129008445
39	30	-0.7225451697948734
39	31	-0.7299202124102508
39	32	-0.7370121172685185
39	33	-0.7432962920475736
39	34	-0.7478953835273346
39	35	-0.7510668831944928
40	2	-0.5624568040095945
40	3	-0.5830646557038865
40	4	-0.5954538398025209
40	5	-0.6061826418050257
40	6	-0.6162792125729869
40	7	-0.6254516582754341
40	8	-0.6341073020773954
40	9	-0.6408876731518528
40	10	-0.6463774739375697
40	11	-0.6508430509400871
40	12	-0.6544855319415018
40	13	-0.6574268133391523
40	14	-0.659453800146264
40	15	-0.6608558694331746
40	16	-0.6618369539724608
40	17	-0.6620823387410287
40	18	-0.66268415893407
40	19	-0.6646652141575236
40	20	-0.6670576424393964
40	21	-0.6694371258581495
40	22	-0.6715114256721075
40	23	-0.674839487857854
40	24	-0.6780821743044966
40	25	-0.6823501804375177
40	26	-0.687532627385943
40	27	-0.6938314931263322
40	28	-0.7006758243535713
40	29	-0.7076103391921938
40	30	-0.7146453078169438
40	31	-0.7212188657638158
40	32	-0.7284232004140504
40	33	-0.7353770992010948
40	34	-0.7409677443924584
40	35	-0.7452196944744852
41	2	-0.5622152633674405
41	3	-0.5822278034864337
41	4	-0.5961724605072857
41	5	-0.6063712585055462
41	6	-0.6158407147353879
41	7	-0.6246812334481552
41	8	-0.6327732633814037
41	9	-0.6402159910327184
41	10	-0.646254109664953
41	11	-0.6513478168330643
41	12	-0.6553766955649604
41	13	-0.6585989188254311
41	14	-0.6609583023645541
41	15	-0.6627669326840018
41	16	-0.6639184216067027
41	17	-0.6646751565467273
41	18	-0.6648025447864473
41	19	-0.6654184377319371
41	20	-0.6673497378279759
41	21	-0.6694694052927274
41	22	-0.6713484117827502
41	23	-0.6729554294168816
41	24	-0.6759219580350913
41	25	-0.6786663881127994
41	26	-0.682615987166306
41	27	-0.6873654756057194
41	28	-0.6933006243652303
41	29	-0.6997997372084057
41	30	-0.7066208958728019
41	31	-0.7135481389092182
41	32	-0.7200491758557992
41	33	-0.7271817779299038
41	34	-0.7334683821022524
41	35	-0.7386924899348596
42	2	-0.5602142696010847
42	3	-0.5825207920055383
42	4	-0.5963341516689142
42	5	-0.6077078279416731
42	6	-0.616689645589904
42	7	-0.6248859769361369
42	8	-0.6326221435446019
42	9	-0.6395222586177025
42	10	-0.6461147610907682
42	11	-0.6516445627423542
42	12	-0.6561826403576777
42	13	-0.6597577173872273
42	14	-0.6623921251359008
42	15	-0.6645359568820525
42	16	-0.6660663822651415
42	17	-0.6669563241783657
42	18	-0.6675042341516381
42	19	-0.6676193590839016
42	20	-0.6682029517347575
42	21	-0.669838226832125
42	22	-0.6714175994715538
42	23	-0.672830349357752
42	24	-0.6741179062624849
42	25	-0.6765643176097289
42	26	-0.6790437095342398
42	27	-0.6826184084346034
42	28	-0.6870636735689881
42	29	-0.6926745398415224
42	30	-0.6990336772968607
42	31	-0.7057085003341763
42	32	-0.7125259787588315
42	33	-0.7189272503476231
42	34	-0.7253525974420572
42	35	-0.7312284518258793
43	2	-0.5600937821266161
43	3	-0.5816444599040338
43	4	-0.5966547897024042
43	5	-0.607884761918626
43	6	-0.6177763622176111
43	7	-0.6257045862539088
43	8	-0.632914710897152
43	9	-0.6395681355880651
43	10	-0.6458155885292918
43	11	-0.6517040525775367
43	12	-0.6565230532528263
43	13	-0.6605217072174818
43	14	-0.6634362322936953
43	15	-0.665766906612264
43	16	-0.6675357491094658
43	17	-0.668719987719324
43	18	-0.6693240511754155
43	19	-0.6697268998843193
43	20	-0.6698229670217191
43	21	-0.6702869838529217
43	22	-0.6714433725471348
43	23	-0.6726197759689916
43	24	-0.6737873124725183
43	25	-0.6749229059500159
43	26	-0.677178993320768
43	27	-0.6795532895672919
43	28	-0.682982067019846
43	29	-0.6873313774729881
43	30	-0.6929339026300666
43	31	-0.6991859651707116
43	32	-0.7057973098912678
43	33	-0.7124794423353399
43	34	-0.7184580802811505
43	35	-0.7246181534903858
44	2	-0.562958856807074
44	3	-0.5831068911499864
44	4	-0.5973784239494311
44	5	-0.6093359508594489
44	6	-0.6188768852658498
44	7	-0.6274145380207039
44	8	-0.6342981270506244
44	9	-0.6403548109474856
44	10	-0.6463039134126487
44	11	-0.6518470465647261
44	12	-0.6569227859907832
44	13	-0.661120412354839
44	14	-0.6643769124345525
44	15	-0.6669078592334472
44	16	-0.6688049188343287
44	17	-0.6701667934603629
44	18	-0.6710204668069799
44	19	-0.6714355779796013
44	20	-0.6717602555211426
44	21	-0.6717094339018769
44	22	-0.6717542779757428
44	23	-0.6724753717761724
44	24	-0.6734006253881699
44	25	-0.6744267591476862
44	26	-0.6754173644635506
44	27	-0.6775623004152788
44	28	-0.679781091043537
44	29	-0.6831221156354754
44	30	-0.6874763141313363
44	31	-0.6929388402816605
44	32	-0.6991028173670957
44	33	-0.7055336795038486
44	34	-0.711764228173434
44	35	-0.7174030829626588
45	2	-0.5636209132097048
45	3	-0.5852664441466305
45	4	-0.5991946446230699
45	5	-0.6108362036778683
45	6	-0.6210367457310868
45	7	-0.6294170183780374
45	8	-0.6369507928070931
45	9	-0.6427792695711045
45	10	-0.6482457826644138
45	11	-0.6535331536418315
45	12	-0.658387297613245
45	13	-0.6628802019686327
45	14	-0.6663313437628433
45	15	-0.6691921177971968
45	16	-0.6712781164399624
45	17	-0.6728195478552632
45	18	-0.6739236328116569
45	19	-0.6745940882061934
45	20	-0.6748467381244747
45	21	-0.6749417887906601
45	22	-0.6744061159279281
45	23	-0.6739974645730129
45	24	-0.6744459210239744
45	25	-0.6751585825417371
45	26	-0.6759612142985809
45	27	-0.6767533796824765
45	28	-0.678662186921503
45	29	-0.6807648100850329
45	30	-0.6841291685991437
45	31	-0.6883457302462404
45	32	-0.6936978409776287
45	33	-0.6996695375510171
45	34	-0.70566383483167
45	35	-0.7115429416984161
46	2	-0.5661646433642891
46	3	-0.5870544205794856
46	4	-0.6015347613235844
46	5	-0.6130058077532664
46	6	-0.6230961961379402
46	7	-0.6321451638446866
46	8	-0.6395888046472674
46	9	-0.6460167576413423
46	10	-0.6512433254082428
46	11	-0.6560576139944375
46	12	-0.660635096799744
46	13	-0.6649103003206719
46	14	-0.6686545373491317
46	15	-0.6716835377888523
46	16	-0.6740624548769245
46	17	-0.6757725480047034
46	18	-0.6770882341544646
46	19	-0.6780183813690762
46	20	-0.6785252583701018
46	21	-0.6785159514327932
46	22	-0.6780819379129567
46	23	-0.677078233074152
46	24	-0.6763754109117915
46	25	-0.6765970721008472
46	26	-0.6770635930862394
46	27	-0.6776343909161711
46	28	-0.6781087272742228
46	29	-0.6798607627155765
46	30	-0.6819634706921109
46	31	-0.6851920759290384
46	32	-0.6893059350436741
46	33	-0.6944681728960069
46	34	-0.7000230126330484
46	35	-0.7056639419260832
47	2	-0.5655756441799146
47	3	-0.5866510552542958
47	4	-0.6015096201337639
47	5	-0.6134953237246601
47	6	-0.6240525766815006
47	7	-0.6332677037398216
47	8	-0.6414316225308426
47	9	-0.648017433557683
47	10	-0.6539634879038373
47	11	-0.6586886113754106
47	12	-0.6629499613278066
47	13	-0.6670795805037535
47	14	-0.6706648330811592
47	15	-0.6740388490977656
47	16	-0.6766351980375849
47	17	-0.6786915636894687
47	18	-0.6802179819971036
47	19	-0.6813807313138944
47	20	-0.6821624872196561
47	21	-0.6824071039718571
47	22	-0.681867230637537
47	23	-0.680964345605269
47	24	-0.6796868931002694
47	25	-0.6787234178283766
47	26	-0.6786987192774598
47	27	-0.6789289284688086
47	28	-0.6791548758363644
47	29	-0.6794692884304602
47	30	-0.6812021117033474
47	31	-0.6831746686659795
47	32	-0.6863087463285578
47	33	-0.6902734566350438
47	34	-0.695065751312026
47	35	-0.7003125253225173
48	2	-0.565942935995314
48	3	-0.5865993356548908
48	4	-0.6007381932164165
48	5	-0.61275573174506
48	6	-0.6232975915595316
48	7	-0.6328751562571326
48	8	-0.6411455453895275
48	9	-0.6482767829667732
48	10	-0.6544699886911391
48	11	-0.6599340673678404
48	12	-0.6641766082861505
48	13	-0.6680399574839179
48	14	-0.6714837823612128
48	15	-0.6746563567619602
48	16	-0.6775764668927448
48	17	-0.679829252942029
48	18	-0.6816912601036808
48	19	-0.6830616499633523
48	20	-0.6840477164378203
48	21	-0.6845309723091951
48	22	-0.6842538277744059
48	23	-0.6832790799518753
48	24	-0.6821439580843301
48	25	-0.680693956331696
48	26	-0.679525228519055
48	27	-0.6792996384571611
48	28	-0.6792734265770835
48	29	-0.6793476051932202
48	30	-0.6796903403671762
48	31	-0.6813185246625452
48	32	-0.6832494423503416
48	33	-0.6862423272301938
48	34	-0.6898927286708895
48	35	-0.6944051088567319
49	2	-0.5686882217331619
49	3	-0.588500597153861
49	4	-0.6021795646268192
49	5	-0.6136128374051261
49	6	-0.6240491266829511
49	7	-0.6333950774470357
49	8	-0.6419444085453059
49	9	-0.6491800184570894
49	10	-0.6558851540209185
49	11	-0.6616492459592817
49	12	-0.6666407822322288
49	13	-0.6705345396097161
49	14	-0.6737737738838495
49	15	-0.6768458583633806
49	16	-0.6796245441704128
49	17	-0.6822403245234492
49	18	-0.6843040394859506
49	19	-0.6859860927832074
49	20	-0.6871762133786727
49	21	-0.68787816288393
49	22	-0.6878645372191751
49	23	-0.6871415685321626
49	24	-0.6858842003802854
49	25	-0.6845140437251017
49	26	-0.6828164690791737
49	27	-0.6813932808378853
49	28	-0.6808934556657972
49	29	-0.6806873424245788
49	30	-0.6807186391126789
49	31	-0.680875808357632
49	32	-0.6823975969553413
49	33	-0.684143243222258
49	34	-0.6868204416401248
49	35	-0.6901960357950976
50	2	-0.5705211545186011
50	3	-0.5906763463635829
50	4	-0.6038836704633432
50	5	-0.6149960208685499
50	6	-0.6249448647559049
50	7	-0.634092272043689
50	8	-0.6422829316226675
50	9	-0.649726536538965
50	10	-0.6565452179469404
50	11	-0.6627598323465232
50	12	-0.6680323110780108
50	13	-0.6726163762806855
50	14	-0.6758781973414921
50	15	-0.6787681341585967
50	16	-0.6814425813160085
50	17	-0.6839284458763462
50	18	-0.6863369255822129
50	19	-0.688199444728698
50	20	-0.689680819291877
50	21	-0.6905808499678093
50	22	-0.690766616707071
50	23	-0.690264690118074
50	24	-0.6892352735348238
50	25	-0.6877391996691878
50	26	-0.686095453219889
50	27	-0.6841768950882964
50	28	-0.6825135811859169
50	29	-0.6818551017967381
50	30	-0.6815861975517988
50	31	-0.6814427505819948
50	32	-0.6815722795537164
50	33	-0.6829364667783382
50	34	-0.6844586106280818
50	35	-0.6869137791798787
51	2	-0.5702835310851923
51	3	-0.5916518930162741
51	4	-0.6054018062729104
51	5	-0.6163577337488453
51	6	-0.6261723739172965
51	7	-0.6349283351843101
51	8	-0.6429225753605725
51	9	-0.6499684411229978
51	10	-0.6569695288893334
51	11	-0.6632538496466179
51	12	-0.6688951961549697
51	13	-0.6737648301074671
51	14	-0.6777140448470609
51	15	-0.6806367858934452
51	16	-0.6831782401571579
51	17	-0.6855890140313768
51	18	-0.6878865635500787
51	19	-0.6901222073784555
51	20	-0.6918227600993658
51	21	-0.693017006714895
51	22	-0.6933986321811296
51	23	-0.6931104536563153
51	24	-0.6923361027475375
51	25	-0.6910698521363813
51	26	-0.6892897069031965
51	27	-0.6874170427261609
51	28	-0.6852336263836185
51	29	-0.6833634466942483
51	30	-0.6826320233242124
51	31	-0.682177396354307
51	32	-0.6819742576597215
51	33	-0.6818842870884751
51	34	-0.6830034199153004
51	35	-0.6842835498894819
52	2	-0.5675464031420835
52	3	-0.5901487155608801
52	4	-0.6051978910337658
52	5	-0.6169294416055069
52	6	-0.6268684165767406
52	7	-0.635714911718107
52	8	-0.6435457294374954
52	9	-0.6504641075246421
52	10	-0.6570853358801259
52	11	-0.6635274320756359
52	12	-0.6692307330698796
52	13	-0.6744378767617609
52	14	-0.6786644669327249
52	15	-0.6822504771981245
52	16	-0.6848272047105828
52	17	-0.6871486145037486
52	18	-0.6893908234335531
52	19	-0.6915023836069706
52	20	-0.6935853729881878
52	21	-0.6950087955775521
52	22	-0.6956853720057139
52	23	-0.695613623566877
52	24	-0.6950605035729462
52	25	-0.6940470482901152
52	26	-0.6924988834599826
52	27	-0.6905349033581074
52	28	-0.6884404516197652
52	29	-0.6860808249195312
52	30	-0.6841398259836347
52	31	-0.683231935975857
52	32	-0.6827429653189133
52	33	-0.6823320656261693
52	34	-0.6819822767292213
52	35	-0.6828606490424641
53	2	-0.5623129951468854
53	3	-0.5866157722759759
53	4	-0.6028478744286032
53	5	-0.6157974825693929
53	6	-0.6265691585101781
53	7	-0.6356476106252708
53	8	-0.6437214497534013
53	9	-0.6507494282133495
53	10	-0.657414650212724
53	11	-0.6636580184819458
53	12	-0.6695755905147893
53	13	-0.6749364357411218
53	14	-0.6795725481053272
53	15	-0.6834769382766414
53	16	-0.6867414399012383
53	17	-0.6891061704762479
53	18	-0.6912479877974689
53	19	-0.6932980824987727
53	20	-0.6952826131664925
53	21	-0.6970934515584274
53	22	-0.6979965474363878
53	23	-0.6981901156943464
53	24	-0.6978400561691057
53	25	-0.6970620140888736
53	26	-0.6958055331439974
53	27	-0.6940689481600417
53	28	-0.6918357819202525
53	29	-0.6895108528062247
53	30	-0.6870236800404653
53	31	-0.6848368707586362
53	32	-0.6838674094742957
53	33	-0.6831352620075338
53	34	-0.682409622216764
53	35	-0.6817343918941148
54	2	-0.5569516458739382
54	3	-0.5812688736637285
54	4	-0.598704606185256
54	5	-0.6127527055463132
54	6	-0.624655426472928
54	7	-0.6345664919466566
54	8	-0.6429679501296685
54	9	-0.6502743835892653
54	10	-0.6570827148193522
54	11	-0.6634126781842692
54	12	-0.6691257209325379
54	13	-0.6747065057835538
54	14	-0.6794940141339801
54	15	-0.6837823101856233
54	16	-0.6873542663794137
54	17	-0.690367023811267
54	18	-0.6925505213114572
54	19	-0.6944974384433537
54	20	-0.6964114258439186
54	21	-0.6980925927168179
54	22	-0.6993686079281644
54	23	-0.6997886753920521
54	24	-0.6996939708745785
54	25	-0.6991146008956898
54	26	-0.6980949459597046
54	27	-0.6966409677622275
54	28	-0.6946392863049995
54	29	-0.6922114479018695
54	30	-0.6897947488775985
54	31	-0.687100996464023
54	32	-0.6848631586984226
54	33	-0.6836696028619604
54	34	-0.682637427303578
54	35	-0.6815907519635549
55	2	-0.5511840580812035
55	3	-0.5751556840554458
55	4	-0.5925627112159274
55	5	-0.6074725145105984
55	6	-0.6204438288574442
55	7	-0.6314104081308447
55	8	-0.6406143331224147
55	9	-0.6483463064153906
55	10	-0.6554913281881017
55	11	-0.6619155933498244
55	12	-0.6677383862498708
55	13	-0.6731383276995362
55	14	-0.6781542208117021
55	15	-0.6825428702542192
55	16	-0.6864224323229752
55	17	-0.6897366606114882
55	18	-0.6925676052043851
55	19	-0.6946075761262173
55	20	-0.6964778046860156
55	21	-0.6981410042340014
55	22	-0.6993036277978661
55	23	-0.7001059040224162
55	24	-0.7002829957406964
55	25	-0.7000178259413028
55	26	-0.6992592716690854
55	27	-0.6980710180307633
55	28	-0.6963740574081514
55	29	-0.6942082607784467
55	30	-0.691752397955499
55	31	-0.6891940051813737
55	32	-0.6864867560999239
55	33	-0.6840687679596338
55	34	-0.6825985358168659
55	35	-0.6812656306877973
56	2	-0.5482234890840246
56	3	-0.5709261933545519
56	4	-0.5874717979516213
56	5	-0.601994203187022
56	6	-0.615473531160357
56	7	-0.6272706360500774
56	8	-0.637350406766223
56	9	-0.6457712622018876
56	10	-0.6533191397551337
56	11	-0.6600487257792506
56	12	-0.6659610909106154
56	13	-0.6714580784150026
56	14	-0.6762914037987069
56	15	-0.6808912742909423
56	16	-0.684863123229253
56	17	-0.6884486073534332
56	18	-0.691572123582897
56	19	-0.6942594955482413
56	20	-0.696243087637183
56	21	-0.6978835466421361
56	22	-0.6990406300576183
56	23	-0.6997465112501664
56	24	-0.7002952792820423
56	25	-0.7003105455498259
56	26	-0.6998607382218902
56	27	-0.698921831250194
56	28	-0.6974618282696382
56	29	-0.695580151263764
56	30	-0.693384759968243
56	31	-0.6908078723107842
56	32	-0.6882506006104906
56	33	-0.6853949497718538
56	34	-0.6827411064966424
56	35	-0.6809939984627369
57	2	-0.5436372824948194
57	3	-0.5671977770891613
57	4	-0.583090578049962
57	5	-0.5970044102071067
57	6	-0.610120988071575
57	7	-0.6223014787866376
57	8	-0.6331005514643592
57	9	-0.6423048651010437
57	10	-0.6504937835524178
57	11	-0.6576227597761051
57	12	-0.6638183931996157
57	13	-0.6693891296268938
57	14	-0.6743208660258836
57	15	-0.6787397103230685
57	16	-0.6828878979710261
57	17	-0.686537922223311
57	18	-0.6898897154009427
57	19	-0.6928860546304273
57	20	-0.6955201724905246
57	21	-0.6973074238464189
57	22	-0.6984508011497575
57	23	-0.6991531548508534
57	24	-0.6995937039999942
57	25	-0.6999805291492825
57	26	-0.6998179357653556
57	27	-0.6992084826346562
57	28	-0.6979981591338242
57	29	-0.6963476393971642
57	30	-0.6944428707274196
57	31	-0.6921548988409544
57	32	-0.6896300547760974
57	33	-0.686979712290411
57	34	-0.6839237910182867
57	35	-0.6810289947543314
58	2	-0.5353969387579103
58	3	-0.5606994496458881
58	4	-0.5777956732832635
58	5	-0.5916886695828267
58	6	-0.6046161337970102
58	7	-0.6167018099629166
58	8	-0.6279529785872224
58	9	-0.63789217471058
58	10	-0.6468721000382979
58	11	-0.6546522709730793
58	12	-0.6612882359743989
58	13	-0.6671970407734792
58	14	-0.6722792605012055
58	15	-0.6768629906333097
58	16	-0.6808867364907105
58	17	-0.6847549816459869
58	18	-0.688218065410106
58	19	-0.6914847421115924
58	20	-0.6944595039039265
58	21	-0.6969108357805025
58	22	-0.698214089357399
58	23	-0.6989029869742455
58	24	-0.6993388134531294
58	25	-0.6996184529341951
58	26	-0.6998127754017885
58	27	-0.6994812956206207
58	28	-0.698591747792171
58	29	-0.6971892846855453
58	30	-0.6955201902941553
58	31	-0.693505367379873
58	32	-0.691277476260924
58	33	-0.6886742191480812
58	34	-0.6858320471043142
58	35	-0.6825663400058526
59	2	-0.5260631591204514
59	3	-0.551792143759156
59	4	-0.5697345882739678
59	5	-0.5846943214745157
59	6	-0.5977763632223669
59	7	-0.6099315231420172
59	8	-0.6212984199903308
59	9	-0.6318192481475174
59	10	-0.6415666287928741
59	11	-0.650155367139012
59	12	-0.6574577495188328
59	13	-0.6638628693597023
59	14	-0.6693505099609557
59	15	-0.6742363356743734
59	16	-0.6785283549542193
59	17	-0.682376393879515
59	18	-0.6861052695702112
59	19	-0.6895620270170361
59	20	-0.6928910270165817
59	21	-0.6957305353470103
59	22	-0.6977068411802655
59	23	-0.6985540993413747
59	24	-0.6989689634035656
59	25	-0.699231882712808
59	26	-0.6992941192289602
59	27	-0.6993088951651776
59	28	-0.6986766814565154
59	29	-0.6975872517000128
59	30	-0.6961514964796015
59	31	-0.6943709239201351
59	32	-0.6924046599493894
59	33	-0.6901005969230011
59	34	-0.6872965541382201
59	35	-0.6842323975767594
