Completed	MM	p_corr
7	2	-0.40756232151235416
7	3	-0.42217695581571396
7	4	-0.42389663009516687
7	5	-0.42449021976487294
7	6	-0.4232111243865319
7	7	-0.4206961917355482
7	8	-0.418109374722779
7	9	-0.4143816767281264
7	10	-0.4103918108361495
7	11	-0.4064997050142524
7	12	-0.4027295068380422
8	2	-0.42887333702095337
8	3	-0.4452710571626183
8	4	-0.44923627447931735
8	5	-0.4494724600010506
8	6	-0.4480846025131954
8	7	-0.4460626894179635
8	8	-0.4434042487529602
8	9	-0.44010440437181214
8	10	-0.4360681707336121
8	11	-0.43217131343117304
8	12	-0.42855354279095004
8	13	-0.42462074889562856
8	14	-0.4205997987539999
8	15	-0.4165861422674582
8	16	-0.4127937241391021
8	17	-0.40954428626880107
8	18	-0.4072903691702368
8	19	-0.40579010872330457
8	20	-0.40480441190956806
8	21	-0.4039102111542452
8	22	-0.402604137031015
8	23	-0.40073722459792416
9	2	-0.44298054521463676
9	3	-0.4627105349629016
9	4	-0.4682153324261026
9	5	-0.47041807455874124
9	6	-0.4689803562199838
9	7	-0.46697110773054956
9	8	-0.46482784875396715
9	9	-0.461577486363565
9	10	-0.4580552884628432
9	11	-0.45420630520933214
9	12	-0.45061125008309644
9	13	-0.4468257259951219
9	14	-0.44283369025590347
9	15	-0.43922395073705933
9	16	-0.43557086375203774
9	17	-0.43212270046310325
9	18	-0.42933905021709223
9	19	-0.42765172556809533
9	20	-0.4264414322588036
9	21	-0.42535971739444023
9	22	-0.4240096963005977
9	23	-0.42219250049921503
9	24	-0.4202343614094055
9	25	-0.41789373276768943
9	26	-0.4152533596424997
9	27	-0.4117464072327447
9	28	-0.4067285831110353
9	29	-0.40058214160979194
10	2	-0.4561622467309633
10	3	-0.47702981689275437
10	4	-0.4836428993941705
10	5	-0.486776244943669
10	6	-0.48696060410666675
10	7	-0.4848196491180489
10	8	-0.4826582054291656
10	9	-0.47981428633820455
10	10	-0.47632292741613563
10	11	-0.4729580971719179
10	12	-0.46943316319174205
10	13	-0.4657027528675075
10	14	-0.4618794339789437
10	15	-0.4582879355013873
10	16	-0.45504145555483316
10	17	-0.4517033078242513
10	18	-0.44871247449964174
10	19	-0.4465195412337298
10	20	-0.4451286125296766
10	21	-0.4438532648102699
10	22	-0.44238827455015056
10	23	-0.4406087464934546
10	24	-0.4387346654961791
10	25	-0.4363259182985532
10	26	-0.43357935146683285
10	27	-0.4303736378695067
10	28	-0.42603284887084875
10	29	-0.42054620422901534
10	30	-0.4142150376790708
10	31	-0.40751882997976135
10	32	-0.400489285367446
11	2	-0.4790861608359798
11	3	-0.49690625481776035
11	4	-0.500531394990006
11	5	-0.5025089925444519
11	6	-0.5024929514208363
11	7	-0.501300933933934
11	8	-0.4986073502751064
11	9	-0.4954710383760814
11	10	-0.49221045399884544
11	11	-0.4887962912336802
11	12	-0.48567424641906803
11	13	-0.4820336552817793
11	14	-0.478271580107319
11	15	-0.47482957673839254
11	16	-0.4716042393536185
11	17	-0.468581721524477
11	18	-0.4656466610897813
11	19	-0.46325193904086637
11	20	-0.46137111132692865
11	21	-0.4599574136788498
11	22	-0.45834321736913364
11	23	-0.4564962584722216
11	24	-0.45466708208241446
11	25	-0.4523766877047867
11	26	-0.4495991272580724
11	27	-0.4463676082536535
11	28	-0.4423947312565818
11	29	-0.4375929641022675
11	30	-0.4319247782045418
11	31	-0.42550696145552597
11	32	-0.41848436762671803
11	33	-0.41109558928195206
11	34	-0.4030031191298036
12	2	-0.48006980895908763
12	3	-0.5011465822600844
12	4	-0.508160072560175
12	5	-0.5108515754347795
12	6	-0.5116512797229825
12	7	-0.5111622150668236
12	8	-0.5098463744658479
12	9	-0.5067715509195181
12	10	-0.5036864202901813
12	11	-0.5007934531017901
12	12	-0.4978228387669461
12	13	-0.4946847318465043
12	14	-0.49111468980025186
12	15	-0.4878473263450393
12	16	-0.48494456036684186
12	17	-0.48200840015517865
12	18	-0.4794252247669324
12	19	-0.4771145552025639
12	20	-0.4750514454765817
12	21	-0.47323926364832314
12	22	-0.47156671525653493
12	23	-0.46970134925989604
12	24	-0.4679129718662205
12	25	-0.4657691831292095
12	26	-0.46316869316104886
12	27	-0.45998881122346746
12	28	-0.45608316046444586
12	29	-0.4517381397091812
12	30	-0.4468043278326036
12	31	-0.44113501950532175
12	32	-0.43445375801935376
12	33	-0.4271026804630019
12	34	-0.4189648513288112
12	35	-0.41057496302594065
13	2	-0.47395173379506966
13	3	-0.4954154329435745
13	4	-0.507777270243092
13	5	-0.514399762702492
13	6	-0.5167385265597985
13	7	-0.5172785736455177
13	8	-0.5168678507380111
13	9	-0.515167751584703
13	10	-0.5123348427516372
13	11	-0.5097284181458571
13	12	-0.5073442632914338
13	13	-0.5044090589671889
13	14	-0.5013722871397183
13	15	-0.49836456450135036
13	16	-0.4957084944946003
13	17	-0.493150622660456
13	18	-0.49069950548054103
13	19	-0.48872939102574264
13	20	-0.48676774578108994
13	21	-0.4848339710618726
13	22	-0.48283569643664764
13	23	-0.48096324416576236
13	24	-0.4791716175768001
13	25	-0.47709580431041904
13	26	-0.4746623264583765
13	27	-0.47168671607310314
13	28	-0.46786696711191317
13	29	-0.4636310354697056
13	30	-0.45916963995799775
13	31	-0.4542127561956175
13	32	-0.44830351511461586
13	33	-0.4413109094783964
13	34	-0.43325587268288435
13	35	-0.42485711079845234
14	2	-0.46672727192165264
14	3	-0.48883097751029647
14	4	-0.5004174722166395
14	5	-0.5109719615811773
14	6	-0.516914202200439
14	7	-0.519244123081868
14	8	-0.5199960689914039
14	9	-0.5193047284577453
14	10	-0.5178547481492484
14	11	-0.5156424719120415
14	12	-0.5136264445753459
14	13	-0.5113216190687782
14	14	-0.5085310360843357
14	15	-0.5060414095273739
14	16	-0.5036827083164915
14	17	-0.5014133967247837
14	18	-0.4993499679614028
14	19	-0.4975457541566505
14	20	-0.4959290060662234
14	21	-0.494120919138497
14	22	-0.49205486180853064
14	23	-0.48991431683932535
14	24	-0.4881441052302386
14	25	-0.4861027286939675
14	26	-0.48377725796790383
14	27	-0.48100964425662335
14	28	-0.47743260878546256
14	29	-0.4733149364657617
14	30	-0.46900316563442046
14	31	-0.4645414013348717
14	32	-0.45936011755199974
14	33	-0.453165803748653
14	34	-0.4455149844103824
14	35	-0.43721726921389636
15	2	-0.46615007111297646
15	3	-0.485741109728619
15	4	-0.49739743274773074
15	5	-0.5054197024591586
15	6	-0.5144507447474489
15	7	-0.5196966636294064
15	8	-0.5220990558581842
15	9	-0.5223287468956065
15	10	-0.5218363155121741
15	11	-0.5208761887095585
15	12	-0.5192344091404263
15	13	-0.5173256982917626
15	14	-0.5151724672546842
15	15	-0.5129263746896697
15	16	-0.511049471740778
15	17	-0.5090846242248747
15	18	-0.5073228651467793
15	19	-0.5058863029661046
15	20	-0.504466336879914
15	21	-0.5029761438299479
15	22	-0.5010371154226052
15	23	-0.4988656918622967
15	24	-0.49685227915629027
15	25	-0.4948601733098582
15	26	-0.49257036721625874
15	27	-0.48991429029329825
15	28	-0.48654728184500506
15	29	-0.4826638595765742
15	30	-0.47844108127230367
15	31	-0.47411159525272795
15	32	-0.4693901766246036
15	33	-0.46387398404856195
15	34	-0.4570001787373384
15	35	-0.44907230369954476
16	2	-0.4564407687507473
16	3	-0.48103324472019615
16	4	-0.49324330149908396
16	5	-0.5019951544058741
16	6	-0.5089641862104168
16	7	-0.5170989502088388
16	8	-0.5221787221073086
16	9	-0.5239701914239491
16	10	-0.5243506003878479
16	11	-0.5243413764563771
16	12	-0.5238824162306952
16	13	-0.5223682321955927
16	14	-0.5206201832878378
16	15	-0.5190126931535687
16	16	-0.517377710045828
16	17	-0.51587711576821
16	18	-0.5144189972661954
16	19	-0.5132735541685031
16	20	-0.512211541759079
16	21	-0.5109243261622473
16	22	-0.509283407524129
16	23	-0.5072298748913214
16	24	-0.5051899808051409
16	25	-0.5029744849960732
16	26	-0.5007457275669154
16	27	-0.4981294747986098
16	28	-0.49487606751888724
16	29	-0.49119599203965786
16	30	-0.4871868631341595
16	31	-0.48291772014654294
16	32	-0.4783217474189526
16	33	-0.4732500343236325
16	34	-0.46703068790270186
16	35	-0.4598571291670068
17	2	-0.4435245512680912
17	3	-0.4716322218989176
17	4	-0.4879530056055822
17	5	-0.49856975863761693
17	6	-0.5069554509333432
17	7	-0.5131842164728477
17	8	-0.5210719322400459
17	9	-0.525533384053402
17	10	-0.5277000284787953
17	11	-0.5286030676043358
17	12	-0.5291736995872909
17	13	-0.5287948916442644
17	14	-0.5273913020203285
17	15	-0.5261228931466659
17	16	-0.5250181427574583
17	17	-0.5236539899946749
17	18	-0.5225535640523552
17	19	-0.5216634957963885
17	20	-0.5208765661515862
17	21	-0.5199072814997255
17	22	-0.5185181973413523
17	23	-0.5167263013228943
17	24	-0.5147740281362467
17	25	-0.5125524566259796
17	26	-0.5101322194194123
17	27	-0.5076272541078815
17	28	-0.5043980491250154
17	29	-0.5007995716365444
17	30	-0.49695155524204376
17	31	-0.49285537808832364
17	32	-0.4882671676957984
17	33	-0.48328190128552956
17	34	-0.47745122058142664
17	35	-0.4708258867412784
18	2	-0.4342955632328948
18	3	-0.46131124475297935
18	4	-0.47969588844878913
18	5	-0.4936403393934737
18	6	-0.5039857164321795
18	7	-0.5119226058572434
18	8	-0.5179937995669363
18	9	-0.5252675965178206
18	10	-0.530154807225307
18	11	-0.5329579437454656
18	12	-0.5344658394313907
18	13	-0.535126695580331
18	14	-0.534855296524797
18	15	-0.5339082783818583
18	16	-0.533118452964375
18	17	-0.5322071499707796
18	18	-0.5311634767555734
18	19	-0.5305587696778681
18	20	-0.5300307736814106
18	21	-0.5293658965162658
18	22	-0.5283097339906639
18	23	-0.5268308706374496
18	24	-0.5251087467041845
18	25	-0.5229695831148456
18	26	-0.5205901568125674
18	27	-0.5179147389160718
18	28	-0.5148519831043363
18	29	-0.511253368374771
18	30	-0.5074637458218016
18	31	-0.5034931434817602
18	32	-0.49905242202232164
18	33	-0.49403549243703077
18	34	-0.4882624601159042
18	35	-0.481976307984217
19	2	-0.42563923530855796
19	3	-0.4516031862224747
19	4	-0.46944679066155254
19	5	-0.4846698397527685
19	6	-0.49762282775436134
19	7	-0.5073751598980102
19	8	-0.5151261184607507
19	9	-0.5211737486290879
19	10	-0.5285112305521779
19	11	-0.5338777653597307
19	12	-0.537306627142325
19	13	-0.5389785619188306
19	14	-0.5397861421698579
19	15	-0.539996679562874
19	16	-0.5395953865908657
19	17	-0.5390637613587386
19	18	-0.5385100916078324
19	19	-0.5380251663712035
19	20	-0.5378095029515677
19	21	-0.5374183406110841
19	22	-0.5366753000926832
19	23	-0.5355361357303613
19	24	-0.5341351572952691
19	25	-0.5322213019063107
19	26	-0.5299279447526847
19	27	-0.5272947272259211
19	28	-0.5240772619327737
19	29	-0.5206465679844641
19	30	-0.5168622652494794
19	31	-0.51295829363366
19	32	-0.508643059032097
19	33	-0.5037791651781975
19	34	-0.4979971755693468
19	35	-0.4917742679652085
20	2	-0.41773183285985727
20	3	-0.4427276264141442
20	4	-0.4604012189657976
20	5	-0.47537804403279044
20	6	-0.4893917981348587
20	7	-0.5015013178290055
20	8	-0.5109587044030296
20	9	-0.5186475692614488
20	10	-0.524815558844711
20	11	-0.5322651004485854
20	12	-0.5381291276651965
20	13	-0.5417777713319012
20	14	-0.5436666348737527
20	15	-0.5450366971106623
20	16	-0.5458008179233558
20	17	-0.5456945449411675
20	18	-0.5455565912275411
20	19	-0.5455821477797914
20	20	-0.5455370980320342
20	21	-0.5454707141436462
20	22	-0.5450162072249998
20	23	-0.5442084936848146
20	24	-0.543142823196629
20	25	-0.5415916958525536
20	26	-0.5395295092085098
20	27	-0.5369977144352736
20	28	-0.5338497458793303
20	29	-0.5302927910043455
20	30	-0.5266885896118005
20	31	-0.5227907326492858
20	32	-0.5185430458498617
20	33	-0.513805734122691
20	34	-0.5081773648290154
20	35	-0.5019416207428015
21	2	-0.4195127259435197
21	3	-0.43832902355132264
21	4	-0.45433114823839826
21	5	-0.4677531578177752
21	6	-0.4810273044793808
21	7	-0.4933650574000478
21	8	-0.5044094596126321
21	9	-0.5134145236715435
21	10	-0.5209415631242902
21	11	-0.5275379007014948
21	12	-0.5349129061541898
21	13	-0.5406818214102709
21	14	-0.5444393516676049
21	15	-0.5469385489788903
21	16	-0.5488805430941134
21	17	-0.54995601663427
21	18	-0.5503220422271907
21	19	-0.5508411809995218
21	20	-0.551361163312814
21	21	-0.5515422624937185
21	22	-0.5514491422684904
21	23	-0.5509498068806237
21	24	-0.5502228449456313
21	25	-0.5490164918449093
21	26	-0.5473215253730334
21	27	-0.545043616616958
21	28	-0.5420203485704069
21	29	-0.5385394484489437
21	30	-0.5348319663483811
21	31	-0.5311057720482487
21	32	-0.5268832815280018
21	33	-0.5222266886801302
21	34	-0.5167485405877148
21	35	-0.5106851212238751
22	2	-0.4146383765612918
22	3	-0.43529444150840657
22	4	-0.4481314391675498
22	5	-0.4605476151783207
22	6	-0.4721988102228489
22	7	-0.48382225123261813
22	8	-0.494893969745082
22	9	-0.5050917478870327
22	10	-0.5138261660203642
22	11	-0.5216576663560993
22	12	-0.5285440003100773
22	13	-0.5355625235653586
22	14	-0.5413181545167738
22	15	-0.5456524509673261
22	16	-0.5488357993892896
22	17	-0.5511572095611409
22	18	-0.5527680349337062
22	19	-0.5539137759939915
22	20	-0.555020390475346
22	21	-0.5558428679807927
22	22	-0.5560664522062847
22	23	-0.5559862579219583
22	24	-0.5555990957754623
22	25	-0.5547597969039713
22	26	-0.553434625135545
22	27	-0.5515318117907866
22	28	-0.5487883374704813
22	29	-0.5454554571322157
22	30	-0.5418486913769691
22	31	-0.538044749063228
22	32	-0.5340033678473035
22	33	-0.5293968712053482
22	34	-0.5240231089327996
22	35	-0.5181386568116132
23	2	-0.4082861424959333
23	3	-0.4291779108058982
23	4	-0.44360254764075624
23	5	-0.4533521093821429
23	6	-0.46420953764124734
23	7	-0.47408729134388794
23	8	-0.4843047419780538
23	9	-0.4941978111833966
23	10	-0.5037308133573686
23	11	-0.5126146203268955
23	12	-0.5205602825708023
23	13	-0.5273450933126846
23	14	-0.5339448362003946
23	15	-0.5400921175986121
23	16	-0.545050274750569
23	17	-0.5486550243564032
23	18	-0.5515567290085177
23	19	-0.5539827264012338
23	20	-0.5558020365366114
23	21	-0.5572922544608463
23	22	-0.5582333308621976
23	23	-0.5585342931907026
23	24	-0.5586070924538337
23	25	-0.5581399861047277
23	26	-0.5572179472519924
23	27	-0.5557230531946007
23	28	-0.5533858700792359
23	29	-0.5503863060939399
23	30	-0.5469626020510632
23	31	-0.5432796682338612
23	32	-0.5391923621948425
23	33	-0.5347765962423071
23	34	-0.5294849748228315
23	35	-0.5237182537870947
24	2	-0.40342625095941115
24	3	-0.4220841274718398
24	4	-0.4362317914854441
24	5	-0.44797427374312054
24	6	-0.4565662868482534
24	7	-0.4657873185917334
24	8	-0.4742336352623383
24	9	-0.4832818650518967
24	10	-0.4922639630445291
24	11	-0.5015310834919999
24	12	-0.5103384016626091
24	13	-0.5179812229300392
24	14	-0.5245374866806862
24	15	-0.53123850856391
24	16	-0.5378257577112813
24	17	-0.5431054478692643
24	18	-0.5473347217805693
24	19	-0.5510916131263652
24	20	-0.5542159573236846
24	21	-0.55647297921299
24	22	-0.5581310206509565
24	23	-0.5592054328519527
24	24	-0.5597319554282632
24	25	-0.5597719348310094
24	26	-0.559261174746608
24	27	-0.5581992463341835
24	28	-0.5562844522961538
24	29	-0.5537118422821173
24	30	-0.5506513676779246
24	31	-0.5471653383094073
24	32	-0.5432096229511866
24	33	-0.5387584807329449
24	34	-0.533646980174041
24	35	-0.5279758536015815
25	3	-0.4145585040560186
25	4	-0.4284371586463536
25	5	-0.4400814438214825
25	6	-0.44985176965695767
25	7	-0.4568400715116338
25	8	-0.4647093396749839
25	9	-0.4720169098851465
25	10	-0.4801492013651485
25	11	-0.48890184752786764
25	12	-0.4979399804359174
25	13	-0.5063640773562921
25	14	-0.5137071508918704
25	15	-0.5205952014216275
25	16	-0.5277762643216247
25	17	-0.5346505794730881
25	18	-0.5405919635280932
25	19	-0.5457564719821171
25	20	-0.5502736727267767
25	21	-0.5539145861445743
25	22	-0.5564567820872154
25	23	-0.5583263476889602
25	24	-0.5596901818136972
25	25	-0.5602591839541814
25	26	-0.5603385745497956
25	27	-0.559760671785963
25	28	-0.5583414644329282
25	29	-0.5562547871725168
25	30	-0.553653183523555
25	31	-0.5505447051371191
25	32	-0.5468130323435104
25	33	-0.542540864352397
25	34	-0.5374149331276826
25	35	-0.5319399180522921
26	2	-0.4057895647385013
26	3	-0.41611339190814045
26	4	-0.4252870751292853
26	5	-0.43579413039551285
26	6	-0.44495853413962544
26	7	-0.45242620230247294
26	8	-0.4578901476791703
26	9	-0.4644411519831789
26	10	-0.47069230666887707
26	11	-0.4784234977803062
26	12	-0.4867729667729496
26	13	-0.4951890558155135
26	14	-0.5031377997648736
26	15	-0.5106809141155456
26	16	-0.5181217854362931
26	17	-0.5253388422732586
26	18	-0.5327132063559442
26	19	-0.539455548949372
26	20	-0.5453356346536415
26	21	-0.5503095918062599
26	22	-0.5541682941285647
26	23	-0.5569175493231601
26	24	-0.5590762875575327
26	25	-0.5604741586552073
26	26	-0.5610768465301662
26	27	-0.5610780058962895
26	28	-0.560132122671238
26	29	-0.5585277526052083
26	30	-0.5563977049157994
26	31	-0.5537063414327895
26	32	-0.5503494216020538
26	33	-0.5463027066657362
26	34	-0.541334742820575
26	35	-0.5358310990761033
27	2	-0.4090956141619738
27	3	-0.42140527587720245
27	4	-0.4278357164447395
27	5	-0.4341707316841991
27	6	-0.4420108841648291
27	7	-0.448690082107361
27	8	-0.4542058699587413
27	9	-0.4582083806035496
27	10	-0.4635455503601476
27	11	-0.4691520984041123
27	12	-0.47624036235722944
27	13	-0.4836958224166775
27	14	-0.49132696000826453
27	15	-0.4992408311368346
27	16	-0.507133452122792
27	17	-0.5146701225788557
27	18	-0.5220270121372933
27	19	-0.529987607513654
27	20	-0.537305166604174
27	21	-0.5436395759016451
27	22	-0.5488328332711041
27	23	-0.5528793368984206
27	24	-0.555972680576252
27	25	-0.5582107510232797
27	26	-0.5596901673892555
27	27	-0.5602460365675014
27	28	-0.5599113572469043
27	29	-0.5587931975713333
27	30	-0.5571592046579594
27	31	-0.5549596033667253
27	32	-0.5520139536125773
27	33	-0.548371498098794
27	34	-0.5436436942962277
27	35	-0.5382905824015364
28	2	-0.41572505764760276
28	3	-0.42670178089324456
28	4	-0.43413198287934557
28	5	-0.4382462969409875
28	6	-0.44225549354123217
28	7	-0.4474499511865073
28	8	-0.45198181372319635
28	9	-0.45568652383241026
28	10	-0.4583318194304819
28	11	-0.4628964065997336
28	12	-0.4676513133521716
28	13	-0.4736682389987357
28	14	-0.4801293175307071
28	15	-0.48750597296319476
28	16	-0.49564135190689895
28	17	-0.5034619401930537
28	18	-0.5111741672392991
28	19	-0.5188527445219778
28	20	-0.5272108320410311
28	21	-0.5348723139054469
28	22	-0.5414381648987755
28	23	-0.5468422552407098
28	24	-0.5512388852881046
28	25	-0.5544623247604674
28	26	-0.5568246219347527
28	27	-0.5582988672765435
28	28	-0.5585371687232447
28	29	-0.5580540595357294
28	30	-0.5569224687048344
28	31	-0.5552439761354678
28	32	-0.5528040688831192
28	33	-0.5495740414449919
28	34	-0.5452723879063509
28	35	-0.5401676862073775
29	2	-0.41816529293855365
29	3	-0.4314706121032136
29	4	-0.438773468039457
29	5	-0.44393120553835397
29	6	-0.446261121742014
29	7	-0.44804561256644027
29	8	-0.45114973790412244
29	9	-0.45384150523867045
29	10	-0.45604135407800855
29	11	-0.45787703243971684
29	12	-0.46153135213840213
29	13	-0.46510821606092395
29	14	-0.470048020883388
29	15	-0.4761169854813318
29	16	-0.48353343395745424
29	17	-0.49141668254320653
29	18	-0.49923416771507023
29	19	-0.5073167556522293
29	20	-0.5150959415798687
29	21	-0.5235978423025999
29	22	-0.5313640608406813
29	23	-0.5381184974435513
29	24	-0.5438629483512204
29	25	-0.5483640064490453
29	26	-0.5517441660724152
29	27	-0.5541415499435985
29	28	-0.5553350078305929
29	29	-0.5554623079138441
29	30	-0.5549907792688701
29	31	-0.5538143487390359
29	32	-0.5518944709263357
29	33	-0.5491681043515733
29	34	-0.5452688000892776
29	35	-0.5406063031065078
30	2	-0.4210021538984176
30	3	-0.4341715773523543
30	4	-0.4429711494936419
30	5	-0.4482057452830989
30	6	-0.4514877022800601
30	7	-0.4519544883029637
30	8	-0.45199254491689644
30	9	-0.4533294854483
30	10	-0.4545675390478654
30	11	-0.4558835901646237
30	12	-0.4568755400472945
30	13	-0.45935925701244223
30	14	-0.46189387288202344
30	15	-0.466441810065967
30	16	-0.4725168141805196
30	17	-0.4795667480470546
30	18	-0.48734451689828284
30	19	-0.495428400280466
30	20	-0.5036096584277175
30	21	-0.5113504789392345
30	22	-0.5198074690942063
30	23	-0.527670982957281
30	24	-0.5347114262045126
30	25	-0.5405231136172791
30	26	-0.5451378529206322
30	27	-0.5485562011014442
30	28	-0.5506828145935604
30	29	-0.5517881876858306
30	30	-0.551955251597232
30	31	-0.5514565993863884
30	32	-0.5500350849043468
30	33	-0.5478194444862535
30	34	-0.544416832725894
30	35	-0.5401485706687766
31	2	-0.4302624262287552
31	3	-0.4397968031218158
31	4	-0.44757066796492456
31	5	-0.4535455919246958
31	6	-0.45672481716664537
31	7	-0.4578880965065453
31	8	-0.4567039746217215
31	9	-0.4552148230558414
31	10	-0.4551388074462144
31	11	-0.4554603904145868
31	12	-0.45585055619719034
31	13	-0.45578596804722893
31	14	-0.45721438906552775
31	15	-0.4594007458382864
31	16	-0.46396951510625445
31	17	-0.4696854561194034
31	18	-0.4766508861480761
31	19	-0.48464819754377036
31	20	-0.4928018012432449
31	21	-0.5008848274081646
31	22	-0.508492474297417
31	23	-0.5169210642864638
31	24	-0.5249911677894401
31	25	-0.5320286975828507
31	26	-0.5378990351109437
31	27	-0.5424970169861302
31	28	-0.545599380774218
31	29	-0.5476143871537887
31	30	-0.548753770922154
31	31	-0.5489058615570462
31	32	-0.5481579687883743
31	33	-0.5464386383766183
31	34	-0.5435444980368285
31	35	-0.539780695336393
32	2	-0.4443822017516752
32	3	-0.4525208233622226
32	4	-0.4572075616395649
32	5	-0.4618822884184827
32	6	-0.46523436858601114
32	7	-0.4661046490193557
32	8	-0.46531723684148724
32	9	-0.4625388296589582
32	10	-0.45977571697021785
32	11	-0.45870090960063453
32	12	-0.4579417558183178
32	13	-0.45721709710771713
32	14	-0.4561036886407342
32	15	-0.45716215084704254
32	16	-0.4592707909378557
32	17	-0.463339145609885
32	18	-0.468755465820137
32	19	-0.4756446433424146
32	20	-0.483452524105416
32	21	-0.49128488540130516
32	22	-0.4992019278318862
32	23	-0.5064499337700392
32	24	-0.5148248853169402
32	25	-0.522690862134955
32	26	-0.5296952824629027
32	27	-0.5354654850135812
32	28	-0.5396786980334287
32	29	-0.5426377952027372
32	30	-0.5446746158109556
32	31	-0.5457985891900256
32	32	-0.5457302285220577
32	33	-0.5446968008363867
32	34	-0.5422867845655717
32	35	-0.5390254605650624
33	2	-0.4549707866452685
33	3	-0.4652740245090262
33	4	-0.46956021633042844
33	5	-0.47226968729545765
33	6	-0.47462057573264965
33	7	-0.4756347816273093
33	8	-0.47460828315834
33	9	-0.47219134045548167
33	10	-0.4682914557491571
33	11	-0.4647143675805799
33	12	-0.46259068111318064
33	13	-0.4607009525807439
33	14	-0.45889902031651836
33	15	-0.45736854644004105
33	16	-0.45830233379490043
33	17	-0.45985337532402903
33	18	-0.463543536735662
33	19	-0.46875366038095473
33	20	-0.47525720401954896
33	21	-0.4825959670800028
33	22	-0.49012114898788267
33	23	-0.4976807949204478
33	24	-0.5046888364809764
33	25	-0.5127063083038067
33	26	-0.5204116771024919
33	27	-0.5272634009078618
33	28	-0.5325925979995414
33	29	-0.536624724160593
33	30	-0.5396146044690207
33	31	-0.5416505278954712
33	32	-0.5425692168609162
33	33	-0.5422301155402214
33	34	-0.540517171871924
33	35	-0.5377523187723728
34	2	-0.46357357460280596
34	3	-0.47552128313919684
34	4	-0.4817910262801412
34	5	-0.48459617425795865
34	6	-0.4856005595502612
34	7	-0.48585177746032104
34	8	-0.48498744611767225
34	9	-0.48237775414796874
34	10	-0.4788355551270687
34	11	-0.4742268636520279
34	12	-0.4697008944290969
34	13	-0.4664375276370288
34	14	-0.4634520156692404
34	15	-0.4611625100402358
34	16	-0.45944569368816757
34	17	-0.4597626777657922
34	18	-0.4608618064402248
34	19	-0.46427166498381733
34	20	-0.46898954871076054
34	21	-0.47488956370872676
34	22	-0.48181724002061754
34	23	-0.48885498618078926
34	24	-0.4961655539306569
34	25	-0.5026528200845792
34	26	-0.5103667373255991
34	27	-0.5178118840266552
34	28	-0.5241780883731219
34	29	-0.5292936280015905
34	30	-0.5333299491808242
34	31	-0.5363373784699189
34	32	-0.5381787999808747
34	33	-0.5388488016520285
34	34	-0.53784576228309
34	35	-0.5357970214174703
35	2	-0.4616379494483379
35	3	-0.4784575012513188
35	4	-0.48775112209670407
35	5	-0.493278359345437
35	6	-0.4952536599183495
35	7	-0.49493652107312164
35	8	-0.4937923397333643
35	9	-0.4916170792330029
35	10	-0.48814983875600104
35	11	-0.48407582723631226
35	12	-0.4788106725884174
35	13	-0.47346882213707414
35	14	-0.4692895297325045
35	15	-0.4659735467950673
35	16	-0.4635697104482662
35	17	-0.4614136891349955
35	18	-0.46134028315235187
35	19	-0.4622139332506995
35	20	-0.4651752426049566
35	21	-0.46932805235389985
35	22	-0.4747847459084496
35	23	-0.4811776710537859
35	24	-0.48792260074617844
35	25	-0.4947204039479991
35	26	-0.5008804385782154
35	27	-0.5082641452694677
35	28	-0.5151463422994114
35	29	-0.5212436831632313
35	30	-0.5263143601616277
35	31	-0.530319582126611
35	32	-0.5331045116732948
35	33	-0.5346740333396283
35	34	-0.5346578247271168
35	35	-0.5333014253499376
36	2	-0.4593439451562116
36	3	-0.4764696212754237
36	4	-0.48915496245185375
36	5	-0.497337178131824
36	6	-0.5019392762918363
36	7	-0.5028335250618138
36	8	-0.5014296920830721
36	9	-0.4991419531935076
36	10	-0.4962170145921451
36	11	-0.4923482008662078
36	12	-0.48768766687272735
36	13	-0.48176422848668415
36	14	-0.47568929220627865
36	15	-0.4713415374889543
36	16	-0.4681039062280089
36	17	-0.4653101939968332
36	18	-0.4628709851404185
36	19	-0.46258812705676045
36	20	-0.46302663518371123
36	21	-0.46542200765267167
36	22	-0.46914477842180635
36	23	-0.4740851965285429
36	24	-0.4801624968576817
36	25	-0.4863463651336883
36	26	-0.4928315544209264
36	27	-0.4986031054077482
36	28	-0.50532597154074
36	29	-0.5118705219394805
36	30	-0.5178879972582928
36	31	-0.52290302027474
36	32	-0.5266468749178991
36	33	-0.5291356654165342
36	34	-0.5299964267496924
36	35	-0.5296132030632716
37	2	-0.4602302901272871
37	3	-0.47552028371645844
37	4	-0.4878808254087597
37	5	-0.49843561267275655
37	6	-0.5051932306321818
37	7	-0.5084365240640617
37	8	-0.5082687555386737
37	9	-0.5058974488782972
37	10	-0.502968679025445
37	11	-0.4996563786830931
37	12	-0.49521460334420314
37	13	-0.4898780830551915
37	14	-0.48328876470488724
37	15	-0.47717562245706063
37	16	-0.4729880606733583
37	17	-0.46943703650014096
37	18	-0.4663808709757795
37	19	-0.463865972601074
37	20	-0.4632126392415279
37	21	-0.46323188273913724
37	22	-0.46530488741177123
37	23	-0.4686426595696198
37	24	-0.4733549875019941
37	25	-0.47895419075008155
37	26	-0.4848980232526966
37	27	-0.4910017546176423
37	28	-0.496290627638847
37	29	-0.5027790108652401
37	30	-0.5093004105675342
37	31	-0.5152727380617919
37	32	-0.5200342027634094
37	33	-0.5235039152196439
37	34	-0.5252789469104556
37	35	-0.5257586506532359
38	2	-0.4635459326600654
38	3	-0.4777209304922107
38	4	-0.4883264172144994
38	5	-0.4982114378674415
38	6	-0.5068738783458984
38	7	-0.5120097106899212
38	8	-0.5140623149366589
38	9	-0.5129373530894481
38	10	-0.5100077508747074
38	11	-0.5067836632409659
38	12	-0.5029596616159898
38	13	-0.4979270354705086
38	14	-0.49196358632468185
38	15	-0.48540718751508133
38	16	-0.4794805983340329
38	17	-0.4750187628872988
38	18	-0.47121034091347763
38	19	-0.46806519238083094
38	20	-0.4651815048925486
38	21	-0.4640950335772823
38	22	-0.46373670670264827
38	23	-0.4653474844320266
38	24	-0.46835133700052833
38	25	-0.47246659786322287
38	26	-0.4777176092939341
38	27	-0.48316938268051446
38	28	-0.4888029009881415
38	29	-0.4936563701748347
38	30	-0.49996947549092347
38	31	-0.5063179050431708
38	32	-0.5119819727081146
38	33	-0.5164230383372526
38	34	-0.5191340791555109
38	35	-0.5205304499635031
39	2	-0.47256535793649923
39	3	-0.48387210302984074
39	4	-0.4929267913487635
39	5	-0.5008947037069963
39	6	-0.5085822395335481
39	7	-0.5151815202202872
39	8	-0.5188185763278578
39	9	-0.5196716094122741
39	10	-0.5178502151110876
39	11	-0.5146294364571101
39	12	-0.5109012503281202
39	13	-0.5064620329295231
39	14	-0.5008007420059776
39	15	-0.4948472676972106
39	16	-0.488522957648573
39	17	-0.4824717604306768
39	18	-0.4778119618312337
39	19	-0.47393550723867023
39	20	-0.47049252055607627
39	21	-0.46722348863110436
39	22	-0.465776967631055
39	23	-0.46498873665516544
39	24	-0.4662502486206141
39	25	-0.46859432365791226
39	26	-0.47226137283840613
39	27	-0.4769402194548966
39	28	-0.4818237876272396
39	29	-0.4869873814292023
39	30	-0.4915540890132803
39	31	-0.4975895500508631
39	32	-0.5035454509478635
39	33	-0.5088524733018158
39	34	-0.5124843056004057
39	35	-0.5147900529679296
40	2	-0.4769950867204177
40	3	-0.49094916466564176
40	4	-0.4988533727320964
40	5	-0.5059431335351464
40	6	-0.512157676216409
40	7	-0.5179047677489537
40	8	-0.5228408114350095
40	9	-0.5251359400626651
40	10	-0.5251413716773291
40	11	-0.52296879966213
40	12	-0.5192878827146291
40	13	-0.5149884073431038
40	14	-0.5099201234096169
40	15	-0.5042950131931154
40	16	-0.4986068209085793
40	17	-0.492199474777973
40	18	-0.4860113609039314
40	19	-0.4813091354317306
40	20	-0.47715251723772284
40	21	-0.47330997561249805
40	22	-0.4696874425613302
40	23	-0.4678044472122189
40	24	-0.4666467264328939
40	25	-0.4672377778396811
40	26	-0.4691134422519034
40	27	-0.47216095083909176
40	28	-0.4762335335178185
40	29	-0.4806130029710056
40	30	-0.48547157921338974
40	31	-0.4897231326349208
40	32	-0.49531770717877566
40	33	-0.5008848367851509
40	34	-0.5053553281037791
40	35	-0.5085749727475473
41	2	-0.47510447214763635
41	3	-0.49172780483135703
41	4	-0.5023023352394461
41	5	-0.5093536645578818
41	6	-0.5154040765994335
41	7	-0.5202836740730706
41	8	-0.5247038297309593
41	9	-0.5282675978104249
41	10	-0.5296653971489861
41	11	-0.5292296495601003
41	12	-0.52659428231846
41	13	-0.5224513932946472
41	14	-0.51761109340308
41	15	-0.512624392039602
41	16	-0.5073288730789872
41	17	-0.5016077547835053
41	18	-0.4951685375998215
41	19	-0.4890403488364364
41	20	-0.4841597675916708
41	21	-0.47970112057871994
41	22	-0.4755318573928941
41	23	-0.47157613293278405
41	24	-0.4693918987450667
41	25	-0.46767690896925856
41	26	-0.46786387788969763
41	27	-0.46919374788306323
41	28	-0.4716775088663864
41	29	-0.4752831314277365
41	30	-0.47940427188023166
41	31	-0.4839546139729434
41	32	-0.4878324881599531
41	33	-0.49307254488905206
41	34	-0.4978062567796943
41	35	-0.50184997783657
42	2	-0.4739617103603395
42	3	-0.4907576031154393
42	4	-0.5031275773609176
42	5	-0.5122313320739915
42	6	-0.5184089519547007
42	7	-0.5232678839830028
42	8	-0.5270209653116574
42	9	-0.5301453681873686
42	10	-0.5326596695366558
42	11	-0.533495900546067
42	12	-0.5325061084955621
42	13	-0.5294510116062877
42	14	-0.524875696600387
42	15	-0.5202326053224158
42	16	-0.5156099469721501
42	17	-0.5103081747477316
42	18	-0.5045435852146793
42	19	-0.4982039580276028
42	20	-0.49195921414472654
42	21	-0.486849792829996
42	22	-0.48208242266476253
42	23	-0.4776197864624459
42	24	-0.4734328696580705
42	25	-0.47072094351063803
42	26	-0.4686704787598699
42	27	-0.46833451882967153
42	28	-0.4691015675326911
42	29	-0.47114618498870325
42	30	-0.4744355056724932
42	31	-0.47819094739170986
42	32	-0.48233888037279987
42	33	-0.4857970463811597
42	34	-0.4901200196631253
42	35	-0.49432266024445976
43	2	-0.47527932978013404
43	3	-0.49125156798622494
43	4	-0.5033160653945735
43	5	-0.5134497813670218
43	6	-0.5211899977557433
43	7	-0.5263724733152327
43	8	-0.5301494054109542
43	9	-0.5327083392196231
43	10	-0.534893417866687
43	11	-0.5365896602055844
43	12	-0.536688031937369
43	13	-0.5351039031510315
43	14	-0.5314976235320111
43	15	-0.5270696192336545
43	16	-0.5227534807417605
43	17	-0.5180749031442787
43	18	-0.5127390844572576
43	19	-0.5070295123074066
43	20	-0.5006222301581815
43	21	-0.49433027046983036
43	22	-0.48904821120424047
43	23	-0.4841260956649017
43	24	-0.4795758733946614
43	25	-0.4752410748990514
43	26	-0.4723329061414664
43	27	-0.4700710785380823
43	28	-0.46936545859188444
43	29	-0.4699438798543484
43	30	-0.4718806325952624
43	31	-0.4749186482406051
43	32	-0.4784089008255803
43	33	-0.48211924384520993
43	34	-0.48498349189059653
43	35	-0.4889171488181327
44	2	-0.4750615963608451
44	3	-0.4918419091409036
44	4	-0.5035393197282103
44	5	-0.5135679380186666
44	6	-0.5221292640636446
44	7	-0.5287062917138131
44	8	-0.5329372365180961
44	9	-0.5355841906405866
44	10	-0.5373039522850199
44	11	-0.5387446244673552
44	12	-0.5396379783753021
44	13	-0.5390937796218469
44	14	-0.5368867734321044
44	15	-0.5334358179058662
44	16	-0.52939872662649
44	17	-0.5250170178230174
44	18	-0.5203107718126692
44	19	-0.515045954351378
44	20	-0.5092744289109337
44	21	-0.5028393093082537
44	22	-0.4964423171465269
44	23	-0.4910227005089042
44	24	-0.4860243962359028
44	25	-0.481336044823535
44	26	-0.47682118890223135
44	27	-0.4737026515014584
44	28	-0.4710475228725455
44	29	-0.4701422126830119
44	30	-0.4705907369422671
44	31	-0.4722088656467413
44	32	-0.4749253850969317
44	33	-0.47791649564121275
44	34	-0.48101314395838396
44	35	-0.48340737359532426
45	2	-0.47505937987293634
45	3	-0.4914958709528555
45	4	-0.503950494960916
45	5	-0.5138898755557506
45	6	-0.5224958464916531
45	7	-0.5298580156243597
45	8	-0.5353680742194853
45	9	-0.5384753479614361
45	10	-0.5403833643959721
45	11	-0.541454870746484
45	12	-0.5421811600973551
45	13	-0.5424497386631181
45	14	-0.5412757305196126
45	15	-0.5392260920313544
45	16	-0.5361741766082376
45	17	-0.5321383073914541
45	18	-0.527790063497859
45	19	-0.5231799574656466
45	20	-0.5178413247986942
45	21	-0.5120296622951958
45	22	-0.505487430797641
45	23	-0.4989820486265663
45	24	-0.49349916793917725
45	25	-0.48834970563867736
45	26	-0.4834633528089765
45	27	-0.4787350881190148
45	28	-0.47524420164788117
45	29	-0.4724555523493377
45	30	-0.47144518633880494
45	31	-0.47159858780529174
45	32	-0.4728922315862459
45	33	-0.47514067998782034
45	34	-0.4775815956954245
45	35	-0.4801783835910377
46	2	-0.4749772675228923
46	3	-0.4913135357857495
46	4	-0.5033349074978941
46	5	-0.5139507583164596
46	6	-0.5226483754873534
46	7	-0.5301418813752643
46	8	-0.5364329378517451
46	9	-0.5407160231100692
46	10	-0.5430454018418318
46	11	-0.5443368539925622
46	12	-0.5447725548441525
46	13	-0.5449196022398272
46	14	-0.5445567308104693
46	15	-0.5435214815942996
46	16	-0.5418289281260558
46	17	-0.5387969234255643
46	18	-0.534863443497993
46	19	-0.5306518075100928
46	20	-0.5259834876690204
46	21	-0.5206097150551144
46	22	-0.514681738561905
46	23	-0.5080639094561961
46	24	-0.5015113008170998
46	25	-0.49588666937165704
46	26	-0.49055710781868694
46	27	-0.4854382189599748
46	28	-0.48029540792431274
46	29	-0.47666142044416154
46	30	-0.47375323308839046
46	31	-0.4724481489510117
46	32	-0.4722795476743959
46	33	-0.4730890970167958
46	34	-0.4748132745026316
46	35	-0.4767452198049776
47	2	-0.47611876971566747
47	3	-0.4916381146010022
47	4	-0.50351838414574
47	5	-0.5136345153931515
47	6	-0.5228839972184199
47	7	-0.5304649470985985
47	8	-0.5368682922729258
47	9	-0.541899437884323
47	10	-0.5453337523586332
47	11	-0.5470167610731067
47	12	-0.5476807807075171
47	13	-0.547599565700061
47	14	-0.5471674750378127
47	15	-0.5469582485697159
47	16	-0.5462968402977901
47	17	-0.5446097159932698
47	18	-0.541692556709887
47	19	-0.5379202348167634
47	20	-0.5336751761199331
47	21	-0.5289719857453973
47	22	-0.5234742925321311
47	23	-0.5174730061589292
47	24	-0.5108385493369271
47	25	-0.5041537927885318
47	26	-0.4983611606012395
47	27	-0.49281862483228595
47	28	-0.48726553849169374
47	29	-0.4820175729044702
47	30	-0.47826811016970777
47	31	-0.475084365323774
47	32	-0.47347996658240454
47	33	-0.47287181827432223
47	34	-0.4732306582626218
47	35	-0.47448628520171204
48	2	-0.4786488296246394
48	3	-0.49347255676293783
48	4	-0.5043475360493511
48	5	-0.5140797305431861
48	6	-0.5225401365065496
48	7	-0.5304023222647171
48	8	-0.5367546062843971
48	9	-0.5417714697246925
48	10	-0.5458694211868166
48	11	-0.548571827226143
48	12	-0.5495102333971507
48	13	-0.5495744049832749
48	14	-0.5488887618498446
48	15	-0.5485679011123721
48	16	-0.5486852605892029
48	17	-0.5479513929595997
48	18	-0.5463119756443663
48	19	-0.543533691334173
48	20	-0.5397146193898494
48	21	-0.5354139245229825
48	22	-0.5305828049934856
48	23	-0.5250000204552996
48	24	-0.5189795874391908
48	25	-0.5122560590186117
48	26	-0.5054293215308678
48	27	-0.49943385985838046
48	28	-0.49349473945443045
48	29	-0.487834979056375
48	30	-0.48250020176984554
48	31	-0.4784853736983267
48	32	-0.4750334696168548
48	33	-0.4730095015448523
48	34	-0.4720056003914916
48	35	-0.47193884590891694
49	2	-0.4844500067554241
49	3	-0.49790251846349975
49	4	-0.5078558335235503
49	5	-0.5165875878955163
49	6	-0.5244932443192722
49	7	-0.5314898107769944
49	8	-0.5379717454740537
49	9	-0.5428996842941324
49	10	-0.5469581297233532
49	11	-0.5502458201668977
49	12	-0.5520851094353103
49	13	-0.5523251565437507
49	14	-0.5517479369846945
49	15	-0.5511722952022762
49	16	-0.5511867136770403
49	17	-0.5511892511919634
49	18	-0.550448908435777
49	19	-0.5488716036135534
49	20	-0.5459914409683605
49	21	-0.542099974405879
49	22	-0.5376409250968021
49	23	-0.5326687181120228
49	24	-0.5269991182074402
49	25	-0.5208252371194891
49	26	-0.5139172181525983
49	27	-0.5068532489893114
49	28	-0.500438405251097
49	29	-0.49439475266953614
49	30	-0.48859909075511454
49	31	-0.4829763509535645
49	32	-0.47867175643256615
49	33	-0.47480064466665334
49	34	-0.47239297355653115
49	35	-0.47100390777327716
50	2	-0.4913600818875831
50	3	-0.5042672294681652
50	4	-0.5130773694427055
50	5	-0.5209280227112457
50	6	-0.5277867934025686
50	7	-0.5341174653560411
50	8	-0.5396250007425478
50	9	-0.5445209816526859
50	10	-0.5484176760123072
50	11	-0.5515957075275262
50	12	-0.5539012634558081
50	13	-0.5548955083049408
50	14	-0.5544238462748945
50	15	-0.5538857831456484
50	16	-0.5535987335511509
50	17	-0.5534531696358497
50	18	-0.5533756191411976
50	19	-0.5526235473980478
50	20	-0.5508726827989868
50	21	-0.5478759587393965
50	22	-0.5437899803669521
50	23	-0.5391630080886197
50	24	-0.5340825546934711
50	25	-0.5282423806396042
50	26	-0.5218499775687869
50	27	-0.5147195417597719
50	28	-0.5072662772431646
50	29	-0.5007732890801211
50	30	-0.4946132963707484
50	31	-0.48855485797086184
50	32	-0.4827342637869645
50	33	-0.4780729474125588
50	34	-0.4739393374624247
50	35	-0.4712086521397609
51	2	-0.4936120946338051
51	3	-0.5089591256023407
51	4	-0.5181320332584176
51	5	-0.5254527741626227
51	6	-0.531724042701029
51	7	-0.5372122750608028
51	8	-0.5421384976947857
51	9	-0.5461247874302584
51	10	-0.5499711235546402
51	11	-0.5529961703745244
51	12	-0.555165321910946
51	13	-0.5565644696064276
51	14	-0.556769516243756
51	15	-0.5562815132351687
51	16	-0.5560377834330118
51	17	-0.5556157869389401
51	18	-0.5554017522079582
51	19	-0.5553010163812196
51	20	-0.5543592453434014
51	21	-0.5524579487424008
51	22	-0.5492359291722536
51	23	-0.5449791027166939
51	24	-0.5402497780221359
51	25	-0.5349807826702367
51	26	-0.5288937737956443
51	27	-0.5222579526572043
51	28	-0.5146993787343359
51	29	-0.5071251656127719
51	30	-0.5004995045317517
51	31	-0.4940685136983938
51	32	-0.487781889733436
51	33	-0.4815884940101805
51	34	-0.4766606671004102
51	35	-0.472209110551902
52	2	-0.4923120347322806
52	3	-0.5095104032101075
52	4	-0.5209350891566015
52	5	-0.5290685398004411
52	6	-0.5352987916348989
52	7	-0.5404843450557711
52	8	-0.5448128455195568
52	9	-0.5483537924612807
52	10	-0.5513859372031746
52	11	-0.554395228094307
52	12	-0.5564454127648806
52	13	-0.5577267777885538
52	14	-0.5583579839374623
52	15	-0.5585812172221604
52	16	-0.5584324363770232
52	17	-0.5580918139200246
52	18	-0.5576382266256301
52	19	-0.557421946667244
52	20	-0.5571545223229315
52	21	-0.5560924174037737
52	22	-0.553981426821532
52	23	-0.5506303653056457
52	24	-0.5463164722590002
52	25	-0.5414349203765702
52	26	-0.5359477067569134
52	27	-0.5296488132782289
52	28	-0.5226085765390462
52	29	-0.5149600787059342
52	30	-0.5072539215612167
52	31	-0.5003666422781647
52	32	-0.49371159077615046
52	33	-0.48704509308214067
52	34	-0.48057541124672054
52	35	-0.4753009337781233
53	2	-0.48648977963507206
53	3	-0.5060147740394214
53	4	-0.5193658559480872
53	5	-0.5296837217458975
53	6	-0.5369566864337791
53	7	-0.5424110694343353
53	8	-0.546682892992039
53	9	-0.5498878247134268
53	10	-0.5526443235907934
53	11	-0.5550484983217158
53	12	-0.5571601753617098
53	13	-0.5584294615168961
53	14	-0.5590370324263183
53	15	-0.5597309515394471
53	16	-0.560304952953816
53	17	-0.560035736644814
53	18	-0.5596670712383064
53	19	-0.5592433909049611
53	20	-0.5588868799795305
53	21	-0.5584794605355069
53	22	-0.5571941278400425
53	23	-0.5549250411717782
53	24	-0.551489493973939
53	25	-0.547015063396482
53	26	-0.5419137051398385
53	27	-0.5361989980888356
53	28	-0.5294611354971538
53	29	-0.5223094504893817
53	30	-0.5145012201367821
53	31	-0.5065027625307961
53	32	-0.49938301753159164
53	33	-0.4923458008334331
53	34	-0.4853702741900226
53	35	-0.47854484058130264
54	2	-0.4831775071410017
54	3	-0.5013033543595298
54	4	-0.5158859649766853
54	5	-0.5276604483866448
54	6	-0.5368439450433817
54	7	-0.5433490029673483
54	8	-0.5479614831985887
54	9	-0.5512042851178283
54	10	-0.5537084269044197
54	11	-0.5558936195335236
54	12	-0.5574609830563032
54	13	-0.5588113644890375
54	14	-0.559422627347711
54	15	-0.5600890217273294
54	16	-0.5610986422224055
54	17	-0.561518767697608
54	18	-0.56122275832682
54	19	-0.560891415630879
54	20	-0.5603328104810564
54	21	-0.5598269564161538
54	22	-0.559195860697872
54	23	-0.5577515081160063
54	24	-0.5553835766548529
54	25	-0.5517711885559238
54	26	-0.5470932181272906
54	27	-0.5417736424010712
54	28	-0.5356285933316832
54	29	-0.5288094396730119
54	30	-0.5215197484363078
54	31	-0.5134375742483188
54	32	-0.5052196203484558
54	33	-0.49771663099474606
54	34	-0.49037468466033424
54	35	-0.4830337863691868
55	2	-0.47796555953516684
55	3	-0.49669867535381207
55	4	-0.5105262736139288
55	5	-0.5232255509045708
55	6	-0.5337178253602293
55	7	-0.5419749707556464
55	8	-0.5476429372247931
55	9	-0.5513391083211164
55	10	-0.5539836034967527
55	11	-0.5559676566548846
55	12	-0.5573962682596919
55	13	-0.5582922219825043
55	14	-0.5590174512360132
55	15	-0.5596838449908771
55	16	-0.560638934224246
55	17	-0.5615266988233707
55	18	-0.5619604220875845
55	19	-0.5617707527525458
55	20	-0.5613529886406325
55	21	-0.5606863402053285
55	22	-0.5599882821432081
55	23	-0.5592405282082235
55	24	-0.5577478901444011
55	25	-0.5552642486743988
55	26	-0.5515195412565118
55	27	-0.5466737374967913
55	28	-0.540973787076571
55	29	-0.5347897423865293
55	30	-0.5278827359674161
55	31	-0.5203666494031477
55	32	-0.5121009564402852
55	33	-0.5035400801905195
55	34	-0.4957557456438233
55	35	-0.48806711696041827
56	2	-0.47627034108341343
56	3	-0.4932681810396937
56	4	-0.5068058271674275
56	5	-0.5186207044778189
56	6	-0.5296760149453077
56	7	-0.5389751682664399
56	8	-0.5461162312359971
56	9	-0.5507604314656103
56	10	-0.5538283682344964
56	11	-0.555963389479526
56	12	-0.5571809179272977
56	13	-0.5579394422283849
56	14	-0.5581914064367618
56	15	-0.5589441275842156
56	16	-0.5599121161013867
56	17	-0.5607447615242113
56	18	-0.5616452866590638
56	19	-0.5621932254551721
56	20	-0.5619380953555281
56	21	-0.5614325149064472
56	22	-0.5605929231151995
56	23	-0.559808247872529
56	24	-0.5590271122967125
56	25	-0.5574296562803986
56	26	-0.5547927518119249
56	27	-0.5508522885385976
56	28	-0.5455946978124647
56	29	-0.5398526829747337
56	30	-0.5335744746357246
56	31	-0.5264634165132989
56	32	-0.5187796952233636
56	33	-0.5101837638529217
56	34	-0.5013686244663905
56	35	-0.493255496204802
57	2	-0.4724318408899644
57	3	-0.4903622385663536
57	4	-0.5030590354506874
57	5	-0.5147269205333577
57	6	-0.5250484139507954
57	7	-0.5348145542459483
57	8	-0.5428904709262578
57	9	-0.5488909989940185
57	10	-0.5528626845573833
57	11	-0.55543369451364
57	12	-0.556816069459262
57	13	-0.5573630106873303
57	14	-0.5574920914506634
57	15	-0.5577740555083521
57	16	-0.5588100912888692
57	17	-0.5596465579385596
57	18	-0.5604870067389743
57	19	-0.5615229532726762
57	20	-0.5620288215578232
57	21	-0.5617262826300102
57	22	-0.5610689985402081
57	23	-0.5601474630503236
57	24	-0.5593335766303684
57	25	-0.5584772060521878
57	26	-0.5567490573673329
57	27	-0.5539400097473584
57	28	-0.5496057658561422
57	29	-0.5443168699689058
57	30	-0.5384965974961565
57	31	-0.5320419535504172
57	32	-0.5248006012432281
57	33	-0.5168259461785275
57	34	-0.508009428287373
57	35	-0.4988929703935715
58	2	-0.4645750672193596
58	3	-0.48432370236205036
58	4	-0.498368053159929
58	5	-0.5098938637746223
58	6	-0.5204111324710441
58	7	-0.5297524725007162
58	8	-0.5383870893252377
58	9	-0.5453553759902244
58	10	-0.5506803728103581
58	11	-0.5541899065747716
58	12	-0.5560764235043117
58	13	-0.5568739019150374
58	14	-0.5568548483772693
58	15	-0.5570819460529944
58	16	-0.5577162738952007
58	17	-0.5586605046239962
58	18	-0.5595530799184941
58	19	-0.5605746942666329
58	20	-0.5616105186128365
58	21	-0.5620943806062854
58	22	-0.5616734968711605
58	23	-0.5609535814213501
58	24	-0.5600126735295179
58	25	-0.5591305225940225
58	26	-0.5581556797717384
58	27	-0.5562589230657145
58	28	-0.5530623829054354
58	29	-0.5486963241431617
58	30	-0.543338640884
58	31	-0.5373506416208895
58	32	-0.5307783810890555
58	33	-0.5232680176184555
58	34	-0.5150842143272252
58	35	-0.5059995186338186
59	2	-0.4519250976509421
59	3	-0.47352095590027704
59	4	-0.48944857271172765
59	5	-0.5024863732858622
59	6	-0.5133229163421741
59	7	-0.5231384640582734
59	8	-0.5316528657785955
59	9	-0.5393531379964873
59	10	-0.5457433947503182
59	11	-0.550649106554143
59	12	-0.5535387838917195
59	13	-0.5549417110403584
59	14	-0.5552696670747805
59	15	-0.5554752567726009
59	16	-0.5561595721352358
59	17	-0.5567553905903183
59	18	-0.5577920270252895
59	19	-0.5589001375880611
59	20	-0.5599644773296887
59	21	-0.5610228805334468
59	22	-0.5614048403082784
59	23	-0.5609399488981798
59	24	-0.5602300167707717
59	25	-0.5592483016600565
59	26	-0.5582653983073735
59	27	-0.5571403160154431
59	28	-0.554863469799977
59	29	-0.5516546879057974
59	30	-0.5472276576198082
59	31	-0.5417184593145127
59	32	-0.5356204672247833
59	33	-0.5287865754537038
59	34	-0.5210679948456285
59	35	-0.5126233831802977
