Permits	JS	p_corr
39	7	-0.402611237495617
39	8	-0.4047380242005591
39	9	-0.40479077476500824
39	10	-0.4030433754322211
39	11	-0.4002679504185842
40	6	-0.40354921824460405
40	7	-0.40675673077286767
40	8	-0.40907175726167927
40	9	-0.41006425406319696
40	10	-0.40935972308117763
40	11	-0.4073463326006981
40	12	-0.40472062197986475
40	13	-0.40140307259588365
41	5	-0.40043588144127856
41	6	-0.4064010678283439
41	7	-0.40960328067735974
41	8	-0.41189767707444375
41	9	-0.41326968939488845
41	10	-0.4135817379653503
41	11	-0.4126670083300448
41	12	-0.41084536615726863
41	13	-0.4080559513197275
41	14	-0.4045943827758104
41	15	-0.40025510247181717
42	6	-0.4065874552161879
42	7	-0.4113274644224883
42	8	-0.413767211971141
42	9	-0.41529917826350193
42	10	-0.41611363791034617
42	11	-0.41625583735467303
42	12	-0.4155334245923403
42	13	-0.41354624701629694
42	14	-0.41061937439755913
42	15	-0.40620786380358287
42	16	-0.4017195984318092
43	6	-0.4047914389813585
43	7	-0.41112347978346
43	8	-0.4149156525576606
43	9	-0.41659330909521475
43	10	-0.41764003929186216
43	11	-0.41833163042734134
43	12	-0.4186331964704889
43	13	-0.41768657239519336
43	14	-0.41553328847820825
43	15	-0.41164998057394003
43	16	-0.4071143997304243
43	17	-0.40241214984205614
44	6	-0.40252066948242854
44	7	-0.4099094662795269
44	8	-0.41503109249845616
44	9	-0.41791911434127516
44	10	-0.4190859173374289
44	11	-0.4200541777760404
44	12	-0.42090413770036467
44	13	-0.42091857350670947
44	14	-0.4197548683200915
44	15	-0.41662647794800345
44	16	-0.4125979531432442
44	17	-0.40785618930526346
44	18	-0.4032349671573523
45	6	-0.40083123299615175
45	7	-0.40820919904269576
45	8	-0.41417868842463784
45	9	-0.41821002235488935
45	10	-0.42049792523333507
45	11	-0.421564738735158
45	12	-0.42270007899759904
45	13	-0.42323587250981864
45	14	-0.42298591842207445
45	15	-0.42080631126918455
45	16	-0.4174987975734395
45	17	-0.41323423219340416
45	18	-0.40857794194068325
45	19	-0.40391808147403646
46	7	-0.40606725591736736
46	8	-0.4120516518073341
46	9	-0.4168642704381376
46	10	-0.4202060646441972
46	11	-0.4223565568770976
46	12	-0.42360756348041384
46	13	-0.42444470474968915
46	14	-0.4247298626295403
46	15	-0.42345072756366703
46	16	-0.42106601498222235
46	17	-0.41749745298409807
46	18	-0.41329728761305673
46	19	-0.4086103860785566
46	20	-0.4038020725647868
47	7	-0.40432243686002367
47	8	-0.4095674272996856
47	9	-0.41446323066776464
47	10	-0.4185560511880639
47	11	-0.42171162211295454
47	12	-0.42401462777455634
47	13	-0.4249872158131444
47	14	-0.42561411523915893
47	15	-0.424898938796327
47	16	-0.42341020699446597
47	17	-0.42073236723223045
47	18	-0.4172151154321066
47	19	-0.4129898763145438
47	20	-0.4081748426066014
47	21	-0.40324685675277383
48	7	-0.40270067815546895
48	8	-0.4075916836761693
48	9	-0.4118412159804555
48	10	-0.4160405424739725
48	11	-0.41989508141898113
48	12	-0.42314624973572634
48	13	-0.4251195192138802
48	14	-0.4258648943845416
48	15	-0.42551564161094535
48	16	-0.42459780495317767
48	17	-0.42277337180179203
48	18	-0.42010226539676165
48	19	-0.41653850815427246
48	20	-0.4121778167255757
48	21	-0.4072582116307265
48	22	-0.40230832096405644
49	7	-0.4008690490127482
49	8	-0.4058376287632023
49	9	-0.4097390847068916
49	10	-0.41329861923052136
49	11	-0.4172228924320993
49	12	-0.42107372732675724
49	13	-0.42389524778943527
49	14	-0.425560447867642
49	15	-0.42529938712301724
49	16	-0.4247453531281766
49	17	-0.42344364596783995
49	18	-0.4215574327242578
49	19	-0.4187831857676879
49	20	-0.4150462048283656
49	21	-0.4105581131814595
49	22	-0.405614740417914
49	23	-0.40083248243925673
50	8	-0.4043138903458848
50	9	-0.40827068060602373
50	10	-0.4115012867063795
50	11	-0.41481515438546157
50	12	-0.4187071862834643
50	13	-0.42205581715388624
50	14	-0.42446971601536365
50	15	-0.42508012963023617
50	16	-0.42458760861571404
50	17	-0.42361762381582285
50	18	-0.4221991592557036
50	19	-0.4201578601264667
50	20	-0.4171688250263592
50	21	-0.4132761745079419
50	22	-0.40875081472216357
50	23	-0.40398054688051593
51	8	-0.4024068591565761
51	9	-0.4066597525061449
51	10	-0.40996902400437246
51	11	-0.41299570424760296
51	12	-0.41632189822500465
51	13	-0.4196954058616448
51	14	-0.422595809692061
51	15	-0.42389464225167495
51	16	-0.42423130429034495
51	17	-0.423315504918274
51	18	-0.42219472144546705
51	19	-0.42058529404698514
51	20	-0.41829022781856673
51	21	-0.41511558824690054
51	22	-0.4111667957591012
51	23	-0.4068027092445184
51	24	-0.40238952182327375
52	9	-0.40436874374325776
52	10	-0.4079499409805229
52	11	-0.41109050926501395
52	12	-0.4141732413129171
52	13	-0.41702133944475334
52	14	-0.4199490382538751
52	15	-0.4217149054131686
52	16	-0.4226995247630964
52	17	-0.4225678453634343
52	18	-0.42150175771689397
52	19	-0.4201657008592302
52	20	-0.4182772943810458
52	21	-0.4157697197864162
52	22	-0.41251640386276855
52	23	-0.4087183078823146
52	24	-0.4047037590573288
52	25	-0.40076208655209555
53	9	-0.4011231751353997
53	10	-0.40505749124116136
53	11	-0.40847797353975734
53	12	-0.4117126670255283
53	13	-0.4143658075533588
53	14	-0.4168413263382501
53	15	-0.4186655843879915
53	16	-0.42011008292736074
53	17	-0.4206016051323474
53	18	-0.42028405487316595
53	19	-0.4190142104799121
53	20	-0.4173897964638875
53	21	-0.41527997518423027
53	22	-0.4126778605738964
53	23	-0.40956212545370524
53	24	-0.40610263628809223
53	25	-0.40255189238077765
54	10	-0.40171907360505354
54	11	-0.405452122320097
54	12	-0.40892754252311725
54	13	-0.41171340076968027
54	14	-0.41400223320160645
54	15	-0.4154101321980452
54	16	-0.4169082588809163
54	17	-0.41783393744479214
54	18	-0.41810292985546493
54	19	-0.41753447470495475
54	20	-0.415971837406684
54	21	-0.4141100990772335
54	22	-0.41189051511873914
54	23	-0.40940476819465077
54	24	-0.40660157600933833
54	25	-0.4035886698584478
54	26	-0.4005082478894941
55	11	-0.40228188002079956
55	12	-0.4060330789062974
55	13	-0.4090285400587899
55	14	-0.411450208708827
55	15	-0.41269010138368645
55	16	-0.41378867425241883
55	17	-0.41474835843519875
55	18	-0.4154212006452155
55	19	-0.4154045465937838
55	20	-0.4144990228138143
55	21	-0.4126960509951545
55	22	-0.4107155963979981
55	23	-0.40860170359701625
55	24	-0.40639925269345417
55	25	-0.4040160742696757
55	26	-0.4014542132430493
56	12	-0.4030961130014446
56	13	-0.4063364815100427
56	14	-0.4089525785837649
56	15	-0.41032829243823793
56	16	-0.4112643483999459
56	17	-0.41183444074326936
56	18	-0.41251748345740724
56	19	-0.412874913078855
56	20	-0.4124809603552828
56	21	-0.41130047078170767
56	22	-0.4093730598093641
56	23	-0.4074910196790191
56	24	-0.40563395721040674
56	25	-0.40382250119174623
56	26	-0.40186948516043774
57	12	-0.4004759834848978
57	13	-0.4036549559184179
57	14	-0.4064951108222879
57	15	-0.40805534306484714
57	16	-0.40912301207340934
57	17	-0.4095301833996045
57	18	-0.4098230685023907
57	19	-0.410170993250754
57	20	-0.41012904333581107
57	21	-0.40943454467471624
57	22	-0.40810340831281056
57	23	-0.4062679850378726
57	24	-0.4046247490032222
57	25	-0.4031398851500409
57	26	-0.4017396949999407
58	13	-0.400834100374061
58	14	-0.4036483700655223
58	15	-0.4054475693811907
58	16	-0.4067086238122049
58	17	-0.4072453051873766
58	18	-0.40738707879998387
58	19	-0.407384382066138
58	20	-0.4073371468645541
58	21	-0.40699132306738045
58	22	-0.40613304488286495
58	23	-0.4048782362553617
58	24	-0.4032954226593742
58	25	-0.40201546713733194
58	26	-0.4009349449477784
59	14	-0.4006670010711639
59	15	-0.40247249884543185
59	16	-0.40397735223974274
59	17	-0.4047157544332299
59	18	-0.40497899122039843
59	19	-0.40483985578239934
59	20	-0.4044753372090304
59	21	-0.40413249481370345
59	22	-0.4036206405856782
59	23	-0.4028299754609324
59	24	-0.4018045120645529
59	25	-0.4005957454173911
